Spearman	Kendall	MutualInformation
0.68	0.51	3.09
0.53	0.42	3.40
0.60	0.45	2.40
0.53	0.54	2.83
0.65	0.49	3.22
0.35	0.24	3.14
0.25	0.29	2.30
-0.14	-0.07	2.08
0.78	0.59	2.83
0.57	0.47	2.64
0.71	0.54	3.14
0.42	0.28	2.56
-0.03	0.07	1.79
1.00	1.00	0.69
-0.07	-0.06	2.20
0.67	0.44	2.20
0.75	0.57	3.22
0.37	0.31	2.40
0.71	0.51	3.26
0.69	0.54	2.64
0.64	0.45	2.64
0.63	0.48	3.74
0.75	0.54	3.47
0.83	0.64	2.08
0.82	0.65	3.37
0.63	0.46	3.09
0.59	0.44	3.78
0.65	0.49	3.58
0.76	0.60	2.64
0.75	0.52	1.95
0.57	0.36	2.48
0.50	0.33	1.10
0.38	0.36	2.08
0.60	0.43	2.08
-1.00	-1.00	0.69
0.66	0.48	2.48
0.40	0.40	1.61
0.50	0.33	1.10
0.78	0.59	3.26
0.77	0.60	2.30
0.59	0.41	2.64
0.05	0.03	3.00
1.00	1.00	0.69
0.85	0.67	2.40
0.53	0.39	2.20
0.47	0.31	3.18
0.85	0.73	2.48
0.43	0.33	2.77
0.80	0.67	2.20
1.00	1.00	0.69
0.40	0.37	2.77
0.64	0.40	3.09
0.82	0.63	2.64
0.59	0.39	2.48
0.90	0.80	1.61
0.30	0.20	1.61
0.68	0.51	3.04
0.30	0.22	2.20
0.50	0.35	3.61
0.13	0.06	2.20
0.44	0.32	2.94
-0.17	-0.14	2.08
0.55	0.33	2.48
0.53	0.39	2.71
0.71	0.52	1.95
0.63	0.48	2.77
0.79	0.60	2.64
0.73	0.51	2.30
0.32	0.17	2.20
0.82	0.72	2.20
0.80	0.67	1.39
0.75	0.56	3.00
0.76	0.56	2.56
0.41	0.28	2.77
0.61	0.38	2.40
0.29	0.25	2.77
0.84	0.65	2.94
1.00	1.00	1.61
0.37	0.28	2.20
0.22	0.18	2.48
0.63	0.46	3.47
0.64	0.60	2.40
0.30	0.20	1.61
-0.80	-0.60	1.61
0.80	0.67	1.39
0.50	0.33	1.10
0.45	0.32	2.64
0.50	0.33	1.10
-1.00	-1.00	0.69
0.40	0.33	1.39
0.54	0.33	1.79
1.00	1.00	1.39
0.65	0.53	2.40
0.78	0.61	2.20
0.72	0.50	2.20
0.80	0.67	1.39
0.29	0.21	2.64
0.79	0.60	2.94
0.59	0.44	2.83
0.50	0.40	1.61
0.55	0.42	2.30
0.61	0.46	4.22
0.30	0.20	1.61
0.44	0.32	3.43
0.63	0.45	3.09
0.72	0.58	3.40
0.77	0.58	2.71
0.52	0.39	3.18
0.60	0.39	2.20
0.90	0.78	2.30
0.74	0.57	2.77
0.66	0.47	1.79
0.75	0.55	2.77
-0.03	-0.07	1.79
0.77	0.60	1.79
0.77	0.56	3.33
0.88	0.78	2.40
0.90	0.80	1.61
0.33	0.27	2.77
0.60	0.33	1.39
0.88	0.71	2.08
0.86	0.71	1.95
0.71	0.42	2.30
0.31	0.24	2.48
0.69	0.57	2.08
0.60	0.44	3.00
0.75	0.62	1.95
0.77	0.56	2.71
0.57	0.43	2.71
0.77	0.65	2.77
0.93	0.81	1.95
0.72	0.54	2.94
0.72	0.56	2.30
-0.07	-0.14	1.95
0.78	0.64	3.74
0.76	0.59	2.56
0.57	0.43	1.95
0.59	0.45	3.22
0.37	0.24	3.26
-0.36	-0.14	1.95
0.08	0.11	2.20
0.46	0.33	1.95
0.40	0.33	1.39
0.72	0.52	2.71
1.00	1.00	1.10
0.90	0.80	1.61
0.40	0.33	1.39
0.80	0.67	1.39
0.50	0.33	1.10
1.00	1.00	0.69
0.46	0.27	2.40
1.00	1.00	1.10
1.00	1.00	1.10
0.26	0.20	1.79
0.35	0.33	2.20
0.66	0.46	2.83
0.83	0.73	1.79
0.83	0.68	2.71
0.45	0.39	2.48
0.78	0.61	2.48
0.31	0.29	2.08
1.00	1.00	1.61
0.90	0.80	1.61
0.50	0.33	1.10
0.80	0.67	1.39
0.61	0.45	2.40
0.69	0.48	2.48
1.00	1.00	0.69
0.60	0.40	1.61
-1.00	-1.00	0.69
0.51	0.38	3.33
0.00	0.00	1.39
0.83	0.69	2.30
-0.50	-0.40	1.61
0.32	0.24	2.40
0.36	0.24	1.95
0.70	0.60	1.61
0.77	0.60	1.79
0.83	0.73	1.79
0.70	0.60	1.61
0.79	0.59	3.33
0.38	0.29	2.08
0.78	0.56	2.56
0.50	0.33	1.10
0.40	0.40	1.61
0.37	0.33	1.79
0.37	0.33	1.79
0.50	0.33	1.10
0.65	0.47	2.30
0.20	0.07	1.79
0.74	0.61	3.30
0.55	0.42	2.40
0.58	0.42	3.14
0.29	0.24	1.95
0.80	0.60	1.61
0.40	0.33	1.39
0.43	0.33	1.79
1.00	1.00	0.69
1.00	1.00	1.10
0.26	0.14	2.08
0.55	0.38	2.30
0.18	0.07	2.30
0.77	0.60	1.79
0.50	0.33	1.10
-0.49	-0.33	1.79
1.00	1.00	1.10
0.50	0.33	1.10
0.55	0.42	2.48
0.68	0.56	2.20
0.50	0.33	1.10
-0.20	0.00	1.39
0.51	0.41	2.64
-1.00	-1.00	1.10
0.67	0.48	3.58
1.00	1.00	1.61
0.03	0.07	1.79
0.80	0.67	1.39
0.52	0.38	2.30
-0.33	-0.22	2.20
0.47	0.27	2.48
0.48	0.34	3.04
0.66	0.50	3.33
0.66	0.49	2.56
0.28	0.17	3.18
0.59	0.47	2.77
0.77	0.58	3.04
0.68	0.51	2.30
0.88	0.71	2.08
0.51	0.34	3.37
0.61	0.52	1.95
0.52	0.47	2.64
0.44	0.35	2.77
0.53	0.43	2.77
0.70	0.59	2.89
0.61	0.46	3.50
0.57	0.45	2.48
0.58	0.52	2.48
0.40	0.27	2.40
0.65	0.56	2.20
0.79	0.64	2.08
1.00	1.00	0.69
0.50	0.39	2.20
-1.00	-1.00	0.69
0.82	0.61	2.48
0.75	0.51	2.30
0.42	0.33	2.30
0.68	0.50	2.20
-0.50	-0.33	1.10
-1.00	-1.00	0.69
0.57	0.39	2.71
0.68	0.50	2.20
0.36	0.33	1.95
0.27	0.22	2.83
0.59	0.44	2.94
0.63	0.39	2.20
0.55	0.43	2.08
-0.08	-0.02	2.40
0.40	0.33	1.39
0.29	0.16	2.64
0.45	0.30	2.64
0.80	0.67	1.39
0.21	0.16	2.64
-0.50	-0.33	1.10
0.77	0.60	1.79
0.70	0.60	1.61
0.40	0.36	2.08
0.50	0.33	1.10
-1.00	-1.00	1.10
1.00	1.00	0.69
0.45	0.33	2.20
0.50	0.35	2.77
0.68	0.56	2.64
0.52	0.43	2.08
0.60	0.40	1.61
0.80	0.67	1.39
0.20	0.00	1.39
-0.30	-0.20	1.61
0.51	0.32	2.64
0.30	0.20	1.61
1.00	1.00	1.10
0.90	0.80	1.61
-0.54	-0.24	1.95
0.75	0.62	2.83
-0.19	-0.07	2.08
0.50	0.47	2.30
-0.09	-0.07	2.83
0.69	0.43	2.08
0.40	0.33	1.39
0.38	0.29	2.30
0.32	0.33	2.30
0.40	0.33	1.39
0.60	0.44	2.89
0.80	0.67	1.39
0.50	0.40	2.83
0.39	0.33	1.95
0.37	0.33	1.79
0.73	0.55	2.48
0.80	0.67	1.39
0.83	0.64	3.56
0.46	0.34	2.64
0.42	0.33	2.48
1.00	1.00	1.61
0.50	0.40	1.61
0.68	0.54	2.56
0.44	0.32	2.77
0.69	0.55	2.48
0.71	0.52	1.95
1.00	1.00	1.61
0.64	0.43	1.95
0.60	0.47	2.71
0.50	0.35	3.14
0.52	0.31	3.33
0.43	0.33	1.95
1.00	1.00	1.10
0.80	0.67	1.39
0.20	0.00	1.39
0.26	0.20	1.79
0.59	0.44	3.43
0.40	0.33	1.39
0.34	0.27	2.40
0.80	0.67	1.39
0.40	0.33	1.39
0.70	0.52	2.89
0.24	0.15	2.56
-0.60	-0.33	1.39
0.11	0.08	2.77
0.50	0.40	1.61
0.33	0.23	2.64
0.90	0.80	1.61
0.64	0.42	2.40
-0.10	0.00	1.61
0.88	0.72	2.20
0.48	0.41	2.71
0.60	0.40	1.61
0.28	0.20	2.30
0.64	0.50	2.08
0.79	0.64	2.40
0.37	0.31	2.40
0.82	0.67	2.20
0.06	0.00	2.48
0.65	0.54	3.04
0.76	0.56	2.71
0.46	0.35	3.85
0.66	0.52	3.22
0.43	0.31	3.30
0.36	0.27	2.48
0.29	0.14	1.95
0.09	-0.07	1.79
0.61	0.43	3.47
0.74	0.58	3.04
0.57	0.46	2.56
0.24	0.14	2.08
0.31	0.33	1.79
0.70	0.55	3.22
0.65	0.44	2.94
0.72	0.53	3.14
0.65	0.45	2.40
0.20	0.16	2.30
0.24	0.18	3.40
0.65	0.48	3.09
0.70	0.50	2.20
0.14	0.05	1.95
0.50	0.33	1.10
0.62	0.44	2.20
0.58	0.49	2.56
0.79	0.59	3.53
0.65	0.51	3.43
0.66	0.48	3.22
0.74	0.50	3.14
0.60	0.40	1.61
0.50	0.51	2.30
0.21	0.14	2.08
0.90	0.80	1.61
0.73	0.50	2.20
0.82	0.64	3.04
0.28	0.22	2.83
0.54	0.47	1.79
0.62	0.44	3.04
0.20	0.20	1.61
0.47	0.38	2.30
0.80	0.67	1.39
1.00	1.00	1.10
0.76	0.56	2.56
0.60	0.45	2.71
0.83	0.63	2.64
0.65	0.50	2.20
0.70	0.48	3.43
0.71	0.49	2.56
-0.29	-0.14	2.08
1.00	1.00	1.39
-1.00	-1.00	0.69
0.29	0.29	2.08
0.56	0.38	3.26
0.45	0.33	2.30
0.73	0.56	2.40
0.52	0.38	2.83
0.72	0.54	3.22
1.00	1.00	0.69
0.40	0.33	1.39
0.31	0.33	1.79
0.05	0.07	2.08
0.36	0.18	2.71
0.57	0.42	3.00
0.31	0.20	1.79
0.80	0.60	1.61
1.00	1.00	0.69
0.46	0.43	1.95
0.30	0.27	2.40
0.62	0.49	2.56
0.45	0.37	2.77
0.57	0.47	3.26
0.61	0.43	3.22
0.51	0.37	2.77
0.33	0.23	3.09
0.17	0.08	2.64
0.73	0.58	3.04
0.90	0.80	1.61
0.71	0.47	1.79
0.30	0.20	1.61
0.63	0.44	2.20
0.39	0.26	2.56
0.25	-0.05	1.95
0.51	0.45	2.40
0.00	0.00	1.39
0.80	0.67	1.39
0.12	0.10	2.56
0.34	0.25	3.26
0.93	0.86	2.08
0.77	0.60	1.79
0.16	0.10	2.71
0.56	0.38	2.94
0.89	0.81	1.95
0.69	0.50	2.08
0.89	0.75	2.77
0.49	0.36	3.37
0.80	0.59	3.18
0.65	0.52	3.30
0.60	0.45	2.64
-0.25	-0.24	1.95
0.77	0.60	1.79
0.55	0.43	2.08
0.55	0.39	2.94
0.71	0.52	1.95
0.63	0.45	2.40
0.80	0.60	1.61
0.30	0.20	1.61
0.65	0.56	2.20
0.00	0.00	1.61
0.40	0.33	1.39
0.61	0.44	3.00
1.00	1.00	0.69
0.28	0.18	2.71
0.00	0.00	1.39
0.20	0.00	1.39
0.14	0.07	2.08
0.59	0.42	2.40
1.00	1.00	0.69
0.60	0.36	2.08
0.46	0.27	2.40
1.00	1.00	0.69
0.50	0.36	2.08
0.63	0.45	3.14
0.68	0.50	2.94
0.86	0.71	1.95
0.53	0.36	2.64
0.40	0.33	2.77
0.60	0.47	1.79
0.40	0.33	1.39
-1.00	-1.00	0.69
0.79	0.61	3.64
0.62	0.49	3.43
0.85	0.68	3.00
0.50	0.37	2.71
0.90	0.80	1.61
0.22	0.28	2.20
0.62	0.43	2.08
0.43	0.32	2.94
0.64	0.55	2.48
-0.03	0.07	1.79
0.18	0.05	1.95
0.70	0.60	1.61
0.50	0.20	1.61
0.40	0.33	2.20
0.80	0.67	1.39
-0.50	-0.33	1.10
0.89	0.81	1.95
0.49	0.33	1.79
0.03	0.06	2.20
0.72	0.57	3.61
0.43	0.31	2.71
0.71	0.57	2.08
0.10	0.07	3.18
0.75	0.62	1.95
0.25	0.20	2.30
0.84	0.65	2.77
0.40	0.33	1.39
0.68	0.47	2.64
1.00	1.00	1.10
0.80	0.61	3.22
0.38	0.22	2.20
0.50	0.36	2.08
0.31	0.14	2.08
0.58	0.51	2.56
0.60	0.47	1.79
1.00	1.00	1.10
0.41	0.32	2.64
0.57	0.43	1.95
0.90	0.80	1.61
0.66	0.47	1.79
0.60	0.40	1.61
0.70	0.46	2.56
0.65	0.51	2.30
0.45	0.36	2.08
0.81	0.71	2.08
0.22	0.11	2.20
0.09	0.07	1.79
0.50	0.40	1.61
0.67	0.50	2.08
0.91	0.78	2.94
-1.00	-1.00	0.69
0.66	0.60	1.79
0.62	0.47	3.00
0.59	0.39	3.22
0.75	0.60	2.40
0.55	0.33	2.20
0.33	0.21	2.08
0.20	0.20	2.40
0.64	0.44	2.56
0.08	0.09	2.48
0.60	0.33	1.39
0.84	0.64	3.64
0.33	0.23	2.77
0.37	0.28	2.71
0.86	0.71	1.95
0.00	0.00	1.39
0.37	0.28	2.20
0.16	0.13	2.40
0.59	0.40	2.94
0.56	0.33	2.56
0.93	0.79	2.08
0.52	0.42	2.48
0.26	0.20	2.40
-0.17	-0.21	2.08
0.60	0.33	1.39
0.60	0.40	1.61
-0.30	-0.20	1.61
0.41	0.32	2.89
0.65	0.50	2.20
0.75	0.59	2.56
0.66	0.55	2.77
0.80	0.63	3.09
0.16	0.08	2.77
0.24	0.14	2.08
0.22	0.17	2.20
0.71	0.60	1.79
0.80	0.67	1.39
0.58	0.41	3.18
0.56	0.45	2.94
0.80	0.60	1.61
0.07	0.07	2.08
0.33	0.27	2.40
0.34	0.30	2.48
0.68	0.50	2.20
0.64	0.43	1.95
0.82	0.64	2.48
0.80	0.60	1.61
-0.52	-0.43	2.08
0.20	0.00	1.39
0.36	0.25	2.83
0.46	0.24	1.95
0.41	0.29	3.64
0.93	0.81	1.95
0.67	0.56	2.20
-0.30	-0.20	1.61
0.58	0.46	2.56
0.44	0.29	2.30
0.54	0.47	1.79
0.36	0.24	2.94
0.53	0.44	2.20
0.58	0.42	2.40
-0.37	-0.33	1.79
1.00	1.00	1.39
0.90	0.80	1.61
0.81	0.64	2.08
0.72	0.55	3.00
0.76	0.57	2.08
1.00	1.00	0.69
-0.50	-0.33	1.10
0.09	0.20	1.79
0.33	0.22	2.71
0.90	0.80	1.61
0.69	0.49	3.58
0.23	0.17	2.20
0.76	0.57	3.22
0.77	0.54	2.64
0.82	0.67	2.20
0.51	0.31	2.71
0.57	0.47	2.77
0.44	0.32	3.40
0.16	0.15	2.48
0.66	0.51	3.69
0.65	0.51	2.56
0.31	0.27	2.64
0.88	0.70	3.04
0.77	0.61	2.20
0.86	0.64	2.08
0.70	0.60	1.61
0.35	0.25	3.09
0.71	0.47	2.64
0.63	0.39	2.20
0.77	0.64	2.56
0.51	0.38	2.40
0.24	0.21	2.08
0.56	0.39	3.37
0.40	0.36	2.08
0.71	0.56	2.30
0.92	0.78	2.20
0.50	0.33	1.10
0.67	0.50	2.08
0.80	0.62	3.30
0.67	0.47	2.30
0.50	0.33	1.10
0.75	0.56	2.20
0.38	0.31	2.40
0.65	0.47	3.66
0.72	0.57	3.14
0.81	0.64	2.30
0.90	0.79	2.48
0.46	0.34	3.22
0.28	0.24	2.71
0.47	0.28	2.20
0.67	0.48	3.00
0.73	0.55	3.71
0.68	0.46	2.56
-1.00	-1.00	0.69
0.20	0.20	1.61
1.00	1.00	0.69
-0.21	-0.33	1.95
0.50	0.33	1.10
0.89	0.73	1.79
0.17	0.21	2.08
0.39	0.33	1.95
-1.00	-1.00	0.69
0.57	0.50	2.08
0.05	0.09	2.40
0.82	0.61	2.20
0.18	0.13	2.40
0.40	0.33	1.39
-1.00	-1.00	1.39
0.64	0.48	2.48
0.50	0.33	1.10
0.40	0.33	1.39
1.00	1.00	0.69
0.38	0.26	3.14
0.37	0.33	1.79
0.60	0.33	1.39
0.51	0.37	3.00
0.48	0.36	2.08
0.50	0.33	1.10
-0.50	-0.40	1.61
1.00	1.00	1.10
-0.03	-0.07	1.79
0.67	0.56	2.20
0.86	0.71	1.95
-0.14	-0.07	1.79
0.60	0.40	1.61
0.78	0.61	2.48
0.53	0.33	2.56
0.67	0.43	2.08
0.45	0.33	2.30
0.72	0.50	2.20
0.90	0.80	1.61
1.00	1.00	0.69
0.80	0.67	1.39
0.44	0.29	2.30
0.30	0.20	1.61
0.40	0.33	1.39
0.82	0.71	1.95
-1.00	-1.00	0.69
0.32	0.27	3.26
0.50	0.33	1.10
0.10	0.00	1.61
0.50	0.33	1.10
-1.00	-1.00	1.39
0.60	0.40	1.61
0.30	0.20	1.61
-0.40	-0.33	1.39
0.10	0.06	2.48
0.82	0.67	2.20
0.76	0.56	2.94
0.44	0.33	2.30
0.64	0.62	1.95
0.67	0.54	2.71
0.77	0.60	1.79
0.96	0.90	1.95
0.40	0.33	1.39
0.50	0.33	1.10
0.29	0.21	2.56
-0.80	-0.67	1.39
-0.08	-0.02	2.30
0.70	0.60	1.61
0.71	0.51	2.30
0.83	0.73	1.79
0.51	0.39	3.09
0.66	0.46	2.89
0.17	0.07	2.08
0.12	0.10	2.83
0.00	0.00	1.39
0.31	0.23	3.09
0.29	0.21	2.08
0.70	0.49	3.14
0.69	0.49	2.56
0.40	0.33	3.04
0.41	0.26	2.71
0.48	0.38	2.30
0.86	0.71	2.08
0.20	0.00	1.39
0.43	0.33	1.95
0.69	0.42	2.48
1.00	1.00	0.69
0.18	0.17	2.20
0.80	0.67	1.39
0.87	0.73	2.48
0.68	0.48	2.48
0.02	-0.02	2.30
0.45	0.24	2.40
0.64	0.43	2.08
0.86	0.71	1.95
1.00	1.00	0.69
0.65	0.53	2.40
0.64	0.48	2.77
0.94	0.87	1.79
0.40	0.33	2.48
0.50	0.33	1.10
-0.07	-0.07	2.08
0.20	0.07	1.79
0.52	0.38	2.56
0.64	0.52	1.95
0.70	0.60	1.61
1.00	1.00	1.39
0.14	0.20	1.79
0.79	0.62	1.95
0.52	0.42	3.00
0.79	0.65	2.77
0.75	0.55	3.09
0.49	0.33	1.79
0.53	0.37	3.00
0.60	0.33	1.39
1.00	1.00	1.10
0.29	0.21	2.08
0.80	0.67	1.39
1.00	1.00	0.69
0.50	0.33	1.10
0.50	0.33	1.10
-0.40	-0.40	1.61
-0.89	-0.73	1.79
0.30	0.20	1.61
0.21	0.14	1.95
0.49	0.33	2.30
0.27	0.21	2.48
-0.26	-0.14	2.08
0.60	0.40	1.61
1.00	1.00	1.10
0.43	0.33	1.79
1.00	1.00	1.39
0.64	0.43	1.95
0.71	0.52	1.95
0.47	0.31	2.83
0.08	0.08	2.56
0.12	0.07	2.08
0.75	0.64	2.40
0.70	0.50	2.20
0.29	0.22	2.89
0.26	0.26	2.94
0.44	0.32	2.83
0.57	0.43	3.43
0.55	0.41	3.78
0.42	0.28	2.20
0.52	0.40	2.89
0.40	0.33	1.39
0.40	0.33	1.39
0.80	0.67	1.39
0.00	0.00	1.39
0.12	0.14	2.08
0.58	0.40	2.77
-0.50	-0.33	1.10
0.66	0.50	3.09
0.46	0.36	2.94
0.68	0.52	1.95
0.80	0.67	1.39
0.85	0.67	2.20
-1.00	-1.00	0.69
0.60	0.40	1.61
0.75	0.62	1.95
1.00	1.00	0.69
0.50	0.33	1.10
0.20	0.00	1.39
0.50	0.33	1.10
0.64	0.45	2.40
1.00	1.00	0.69
1.00	1.00	0.69
0.64	0.46	2.89
0.38	0.14	2.08
0.50	0.33	1.10
1.00	1.00	1.10
-1.00	-1.00	0.69
0.88	0.75	2.40
0.62	0.45	2.48
0.00	0.00	1.39
0.60	0.33	1.39
0.60	0.33	1.39
-1.00	-1.00	0.69
1.00	1.00	0.69
0.90	0.80	1.61
0.54	0.42	3.00
-0.37	-0.33	1.79
0.59	0.46	2.56
0.12	0.15	2.56
0.60	0.40	1.61
0.60	0.45	2.71
-0.10	0.00	1.61
0.25	0.13	2.40
0.00	0.00	1.39
0.72	0.50	2.20
0.75	0.53	2.94
0.80	0.60	1.61
0.50	0.40	1.61
-0.20	0.00	1.39
0.00	-0.05	1.95
0.69	0.43	2.08
0.42	0.33	2.20
0.86	0.71	2.40
0.00	0.00	1.39
0.00	0.05	1.95
0.68	0.56	2.56
1.00	1.00	1.39
0.76	0.55	2.48
0.62	0.45	2.71
-1.00	-1.00	0.69
0.79	0.71	1.95
1.00	1.00	1.10
0.65	0.39	2.48
0.84	0.66	2.83
0.53	0.39	2.71
0.46	0.32	2.94
0.49	0.33	1.79
0.60	0.50	2.08
0.25	0.20	2.40
0.61	0.42	2.30
0.88	0.77	2.71
1.00	1.00	1.61
0.80	0.60	1.61
0.36	0.22	2.77
0.46	0.35	2.71
-1.00	-1.00	1.10
0.03	0.03	2.94
0.45	0.32	3.09
0.44	0.33	3.58
0.52	0.37	2.71
0.54	0.43	1.95
-0.50	-0.33	1.10
0.73	0.56	2.30
0.89	0.81	1.95
0.49	0.24	2.48
0.73	0.56	2.89
0.74	0.51	3.09
0.75	0.56	2.30
0.53	0.37	3.09
0.57	0.50	2.08
0.75	0.56	2.20
0.60	0.40	1.61
0.59	0.42	2.40
0.31	0.33	1.79
0.70	0.50	2.20
0.77	0.58	2.48
1.00	1.00	1.10
0.86	0.79	2.08
0.94	0.87	1.79
0.86	0.71	1.95
0.71	0.47	2.71
0.54	0.47	1.79
0.50	0.33	1.10
0.79	0.63	2.83
0.96	0.90	1.95
0.82	0.67	2.20
0.48	0.36	2.08
0.57	0.36	2.48
0.34	0.24	2.48
0.79	0.62	1.95
0.26	0.20	1.79
0.50	0.33	1.10
1.00	1.00	0.69
0.30	0.20	1.61
0.83	0.73	1.79
0.45	0.29	2.30
0.50	0.37	2.77
0.71	0.49	2.71
0.71	0.52	2.64
0.77	0.56	2.30
0.67	0.56	2.30
0.52	0.37	2.71
1.00	1.00	1.10
0.77	0.60	2.30
0.80	0.67	1.39
0.58	0.47	2.30
0.82	0.62	1.95
0.08	0.06	2.20
0.25	0.16	2.40
0.66	0.50	3.43
-0.10	0.00	1.61
0.38	0.27	2.64
0.90	0.78	2.20
0.50	0.35	2.83
0.43	0.37	2.71
-0.40	-0.40	1.61
0.75	0.54	2.89
0.78	0.58	3.04
0.44	0.33	2.30
0.57	0.44	2.20
0.78	0.57	3.26
0.58	0.42	2.40
0.77	0.57	3.42
0.86	0.70	2.94
0.76	0.54	3.26
0.62	0.52	2.48
0.77	0.60	1.79
0.93	0.78	2.30
1.00	1.00	1.39
1.00	1.00	0.69
0.69	0.49	2.89
0.74	0.53	2.83
-0.20	-0.20	1.79
-0.09	-0.11	2.30
-1.00	-1.00	1.10
0.78	0.63	2.64
0.67	0.50	2.08
0.40	0.26	2.56
0.94	0.87	1.79
0.30	0.20	1.61
0.72	0.55	3.33
0.74	0.53	3.58
0.80	0.67	1.39
0.33	0.26	2.71
0.86	0.74	2.64
0.57	0.40	3.53
0.60	0.43	3.58
0.83	0.67	2.20
0.30	0.20	1.61
0.88	0.72	2.56
0.74	0.56	3.04
0.79	0.56	2.71
0.76	0.56	2.83
0.90	0.73	2.30
0.75	0.54	2.64
0.32	0.24	1.95
0.50	0.40	1.61
1.00	1.00	1.10
0.72	0.52	3.09
-0.58	-0.42	2.30
0.66	0.47	2.30
0.90	0.72	2.56
1.00	1.00	1.10
0.38	0.28	2.20
0.71	0.54	2.83
1.00	1.00	1.10
-1.00	-1.00	0.69
0.65	0.43	2.94
0.64	0.46	3.04
0.45	0.38	2.40
0.89	0.81	1.95
1.00	1.00	1.39
0.36	0.14	1.95
0.81	0.64	2.08
0.10	0.00	1.61
0.30	0.20	1.61
0.71	0.53	2.40
0.30	0.20	1.61
0.57	0.40	3.64
0.47	0.30	2.64
-0.37	-0.33	1.79
0.78	0.61	2.89
-0.14	-0.20	1.79
0.57	0.50	2.08
-0.50	-0.33	1.10
0.05	0.03	2.48
0.41	0.36	2.48
0.77	0.60	1.79
0.63	0.47	3.04
0.40	0.33	1.39
0.90	0.80	1.61
0.80	0.60	3.14
0.60	0.47	1.79
0.50	0.33	1.10
0.64	0.54	2.89
0.60	0.40	1.61
0.89	0.73	1.79
0.40	0.33	1.39
0.12	0.07	2.30
0.86	0.71	2.08
0.80	0.60	1.61
nan	nan	0.00
0.89	0.71	1.95
0.37	0.33	1.79
0.20	0.00	1.39
0.64	0.43	1.95
0.38	0.28	3.22
0.60	0.47	1.79
0.71	0.52	1.95
0.40	0.33	1.39
0.59	0.38	2.40
0.89	0.73	1.79
0.65	0.39	2.20
0.40	0.21	2.08
0.23	0.22	2.77
0.74	0.57	2.94
0.42	0.28	2.77
0.65	0.45	3.09
0.58	0.47	2.30
0.30	0.20	1.61
-0.10	0.00	1.61
0.57	0.36	3.00
1.00	1.00	0.69
1.00	1.00	0.69
0.75	0.56	2.20
0.76	0.57	2.08
0.87	0.72	2.20
0.38	0.28	2.20
0.80	0.67	1.39
-0.80	-0.67	1.39
0.89	0.78	2.30
0.75	0.62	1.95
0.57	0.47	2.64
0.80	0.67	1.39
0.66	0.47	2.64
-1.00	-1.00	1.39
0.80	0.60	1.61
0.84	0.69	2.30
0.71	0.53	3.22
0.43	0.27	2.40
0.70	0.57	2.83
0.40	0.40	1.61
-0.40	-0.33	1.39
1.00	1.00	1.10
0.08	0.12	2.48
0.50	0.33	1.10
0.78	0.67	2.20
0.32	0.22	2.20
0.67	0.56	2.20
0.75	0.60	2.30
-0.55	-0.39	2.20
-0.50	-0.33	1.10
0.43	0.28	2.56
0.70	0.60	1.61
1.00	1.00	0.69
0.50	0.44	2.20
0.80	0.67	1.39
0.48	0.36	2.94
0.20	0.22	2.20
0.74	0.59	2.83
0.53	0.38	3.14
0.54	0.47	1.79
0.63	0.47	2.77
0.71	0.42	2.48
0.77	0.58	2.94
0.40	0.21	2.08
0.62	0.48	2.48
0.40	0.33	1.39
0.70	0.54	2.56
0.48	0.44	2.20
0.49	0.35	3.04
0.25	0.22	2.20
1.00	1.00	0.69
0.42	0.34	3.04
0.54	0.42	2.30
0.14	0.07	1.79
0.76	0.59	2.56
0.31	0.24	2.30
0.20	0.20	1.61
0.50	0.33	1.95
0.89	0.73	1.79
0.26	0.18	3.00
0.20	0.20	1.61
0.80	0.60	1.61
0.44	0.33	2.89
0.18	0.13	2.56
0.33	0.39	2.20
0.29	0.14	2.08
0.00	0.00	1.39
0.45	0.39	2.48
0.64	0.46	2.94
0.66	0.47	1.79
0.67	0.43	2.08
0.18	0.05	1.95
0.65	0.51	2.30
0.77	0.60	1.79
0.58	0.41	3.58
0.29	0.20	2.71
0.72	0.50	2.71
0.49	0.37	3.22
0.33	0.29	2.08
0.62	0.42	2.30
0.90	0.79	2.08
0.17	0.06	2.48
0.48	0.30	2.48
1.00	1.00	0.69
0.73	0.56	2.30
0.16	0.12	2.89
0.67	0.50	2.08
-1.00	-1.00	0.69
0.66	0.49	2.64
-0.05	0.00	2.08
0.75	0.54	2.71
0.48	0.36	2.08
0.20	0.20	1.79
-1.00	-1.00	1.10
0.71	0.52	2.71
0.55	0.43	2.08
0.56	0.42	2.30
0.71	0.62	1.95
0.40	0.26	2.83
0.85	0.71	2.40
0.70	0.60	1.61
0.60	0.47	1.79
0.70	0.60	1.61
0.49	0.33	2.77
0.64	0.47	2.77
0.71	0.57	2.08
-1.00	-1.00	0.69
0.40	0.33	1.39
0.50	0.33	1.10
0.48	0.33	2.30
1.00	1.00	0.69
0.57	0.43	1.95
-0.80	-0.67	1.39
0.44	0.31	2.40
0.25	0.14	1.95
0.83	0.73	1.79
0.00	-0.20	1.61
0.80	0.62	2.56
0.37	0.31	2.40
0.80	0.65	2.89
-0.60	-0.43	2.08
-0.03	-0.07	1.79
0.70	0.60	1.61
0.69	0.52	2.77
0.26	0.20	1.79
1.00	1.00	0.69
0.60	0.40	1.61
0.30	0.21	2.56
1.00	1.00	1.39
-1.00	-1.00	0.69
0.60	0.41	2.83
0.12	0.05	2.64
0.20	0.20	1.61
0.03	0.07	1.79
0.71	0.47	2.30
0.43	0.47	1.79
0.41	0.31	2.40
1.00	1.00	1.10
0.01	-0.01	2.64
0.43	0.20	1.79
0.50	0.33	1.10
0.60	0.43	2.08
0.80	0.67	1.39
0.38	0.31	2.40
0.29	0.14	1.95
-0.11	-0.14	1.95
0.13	0.11	2.20
-0.80	-0.67	1.39
0.63	0.45	2.71
0.35	0.33	2.20
0.60	0.40	1.61
0.89	0.74	2.83
-0.10	0.00	1.61
0.71	0.52	1.95
0.60	0.40	1.61
0.48	0.29	2.08
-1.00	-1.00	0.69
-0.50	-0.33	1.10
0.63	0.47	2.94
-0.36	-0.21	2.08
0.80	0.60	1.61
0.15	0.00	2.20
0.77	0.64	2.56
0.20	0.20	1.61
0.75	0.62	1.95
-0.11	-0.14	1.95
0.32	0.22	2.89
0.51	0.39	2.71
1.00	1.00	1.39
0.79	0.62	1.95
0.80	0.67	1.39
0.32	0.18	2.56
-1.00	-1.00	0.69
-0.80	-0.67	1.39
0.57	0.44	2.20
1.00	1.00	0.69
1.00	1.00	1.79
0.74	0.59	2.83
0.07	0.05	1.95
0.46	0.35	2.77
0.70	0.60	1.61
0.51	0.33	2.71
0.70	0.56	3.04
0.61	0.42	2.30
0.24	0.20	3.09
-0.40	-0.33	1.39
0.08	0.05	2.40
-1.00	-1.00	0.69
0.60	0.40	1.61
0.50	0.38	3.37
0.20	0.20	1.61
0.50	0.33	1.10
0.90	0.80	1.61
0.04	0.05	1.95
0.29	0.21	2.08
0.57	0.42	2.40
0.53	0.44	2.20
0.61	0.48	2.48
0.26	0.20	1.79
0.55	0.38	3.00
1.00	1.00	1.10
-1.00	-1.00	0.69
0.74	0.60	2.77
0.83	0.73	1.79
0.50	0.33	1.10
-1.00	-1.00	0.69
1.00	1.00	1.10
0.25	0.20	2.40
0.94	0.82	2.30
0.70	0.51	3.26
0.59	0.47	3.18
0.18	0.09	2.40
1.00	1.00	0.69
0.15	0.09	2.71
-0.40	-0.33	1.39
0.55	0.44	2.20
-0.03	-0.07	1.79
0.20	0.11	2.20
0.00	0.05	1.95
-0.50	-0.33	1.10
0.43	0.29	2.08
-1.00	-1.00	1.10
0.87	0.70	2.48
1.00	1.00	0.69
0.50	0.36	3.30
0.11	0.14	1.95
0.61	0.45	2.40
0.50	0.20	1.61
0.54	0.43	1.95
0.60	0.40	1.61
0.26	0.18	3.76
0.27	0.19	3.37
0.54	0.36	2.48
0.52	0.28	2.20
0.76	0.54	2.56
0.41	0.32	3.18
0.80	0.67	1.39
0.50	0.33	1.10
0.78	0.71	2.40
0.01	0.01	2.64
0.40	0.40	1.61
0.50	0.20	1.61
0.60	0.47	1.79
0.12	0.00	2.08
1.00	1.00	0.69
0.55	0.39	2.89
0.57	0.44	2.56
0.12	0.11	2.30
0.79	0.62	1.95
0.54	0.43	1.95
0.63	0.39	2.71
1.00	1.00	0.69
-0.50	-0.33	1.10
0.19	0.14	2.08
0.63	0.44	3.18
0.32	0.19	2.83
0.85	0.68	2.83
-1.00	-1.00	0.69
0.52	0.38	2.40
-1.00	-1.00	0.69
-0.50	-0.33	1.10
0.89	0.73	1.79
-1.00	-1.00	0.69
-1.00	-1.00	0.69
-0.20	-0.20	1.61
-1.00	-1.00	0.69
0.54	0.43	1.95
-0.20	0.00	1.39
0.79	0.56	2.40
0.80	0.67	1.39
0.90	0.80	1.61
0.90	0.80	1.61
0.80	0.60	1.61
0.57	0.44	2.56
0.50	0.33	1.10
0.81	0.61	3.14
0.48	0.33	2.48
1.00	1.00	0.69
0.52	0.38	2.40
0.54	0.43	1.95
0.50	0.33	1.10
0.53	0.41	2.83
0.50	0.35	2.77
0.50	0.36	3.00
0.79	0.62	1.95
0.31	0.29	2.08
0.39	0.30	2.64
0.50	0.38	2.64
0.83	0.69	2.30
-0.07	-0.05	1.95
0.52	0.27	2.40
-1.00	-1.00	0.69
0.77	0.60	1.79
0.55	0.33	2.20
0.75	0.59	2.89
0.12	0.13	2.56
0.73	0.53	2.77
0.71	0.51	3.18
0.82	0.65	2.77
0.42	0.31	3.40
0.80	0.64	2.71
0.30	0.20	1.61
1.00	1.00	0.69
0.70	0.49	2.71
0.77	0.60	1.79
0.80	0.65	2.77
0.86	0.79	2.08
0.43	0.33	2.30
0.90	0.80	1.61
1.00	1.00	1.39
-0.20	0.00	1.39
0.20	0.20	1.61
1.00	1.00	1.10
0.70	0.60	1.61
0.43	0.20	1.79
0.57	0.50	2.08
0.50	0.36	2.08
0.37	0.28	2.89
0.50	0.36	2.64
0.96	0.90	1.95
1.00	1.00	0.69
0.47	0.35	2.71
-1.00	-1.00	1.10
0.10	0.00	1.61
0.44	0.32	3.18
0.53	0.40	3.71
1.00	1.00	1.39
0.77	0.64	2.40
-1.00	-1.00	0.69
0.40	0.28	2.56
0.40	0.33	1.39
0.45	0.37	3.33
0.76	0.60	3.00
0.81	0.57	2.08
0.76	0.62	2.56
-0.30	-0.20	1.61
0.61	0.49	2.56
0.66	0.47	1.79
-0.11	-0.14	1.95
0.08	0.05	2.40
0.10	0.00	1.61
0.40	0.40	1.61
0.40	0.33	1.39
0.64	0.47	3.40
0.89	0.73	1.79
0.73	0.56	2.71
1.00	1.00	1.61
0.50	0.33	1.10
0.39	0.24	1.95
0.80	0.60	1.61
-0.80	-0.67	1.39
0.50	0.33	1.10
0.56	0.38	2.83
0.36	0.28	3.37
0.27	0.21	2.64
0.34	0.20	2.40
0.49	0.33	1.79
0.50	0.33	1.10
0.47	0.33	2.20
0.87	0.67	3.09
0.65	0.46	2.94
0.78	0.59	3.61
0.65	0.44	2.20
0.55	0.31	2.89
0.43	0.31	3.00
0.58	0.44	2.56
0.74	0.54	2.56
0.76	0.58	2.64
1.00	1.00	1.39
0.49	0.33	1.79
1.00	1.00	1.10
0.86	0.71	1.95
0.23	0.19	2.64
0.88	0.72	2.20
0.40	0.27	3.04
0.50	0.33	1.10
0.29	0.14	2.08
0.81	0.63	3.18
1.00	1.00	0.69
1.00	1.00	1.10
0.36	0.24	2.30
0.14	0.14	2.08
0.54	0.45	2.77
1.00	1.00	1.39
0.27	0.21	2.83
0.40	0.33	1.39
0.00	0.20	1.61
0.74	0.50	2.08
0.26	0.21	2.08
0.71	0.50	2.08
-0.23	-0.17	2.20
-0.02	0.07	2.08
0.62	0.45	2.71
-0.40	-0.33	1.39
0.50	0.33	1.10
0.70	0.52	3.22
-0.50	-0.33	1.10
0.50	0.33	1.10
0.90	0.80	1.61
0.02	0.05	2.40
0.34	0.21	2.48
0.60	0.47	1.79
0.70	0.47	2.30
0.65	0.53	2.83
0.64	0.47	3.37
0.44	0.35	2.40
0.40	0.26	3.14
0.49	0.39	3.04
0.57	0.50	2.20
0.88	0.74	2.64
0.81	0.66	2.89
0.88	0.72	2.77
0.60	0.33	1.79
0.00	0.00	1.39
0.64	0.52	2.71
0.51	0.37	3.00
0.83	0.60	2.30
0.39	0.30	3.30
0.50	0.33	1.10
0.50	0.33	1.10
0.21	0.29	2.08
0.94	0.82	2.30
0.35	0.25	2.94
0.00	0.05	1.95
0.20	0.00	1.39
0.67	0.57	2.08
0.57	0.43	1.95
0.77	0.64	2.40
-1.00	-1.00	0.69
0.64	0.52	1.95
0.39	0.33	1.95
0.89	0.78	2.30
0.64	0.53	3.43
0.72	0.56	2.56
0.45	0.28	3.09
0.70	0.50	2.20
0.37	0.33	2.30
0.60	0.53	2.89
-0.50	-0.33	1.10
-0.70	-0.60	1.61
0.10	0.00	1.61
0.90	0.80	1.61
0.65	0.39	2.20
0.74	0.57	2.08
0.58	0.44	2.20
0.64	0.50	2.89
0.95	0.85	2.56
-0.50	-0.33	1.10
0.14	0.21	2.08
0.40	0.40	1.61
0.60	0.33	1.39
0.90	0.78	2.30
0.80	0.67	1.39
-0.60	-0.40	1.61
0.30	0.24	2.30
1.00	1.00	1.39
1.00	1.00	0.69
0.60	0.47	2.30
0.50	0.33	1.10
0.63	0.44	2.56
0.73	0.60	2.71
0.76	0.56	2.40
0.67	0.45	2.48
0.67	0.50	2.89
0.60	0.43	2.08
0.81	0.60	3.30
0.80	0.67	1.39
1.00	1.00	0.69
0.66	0.60	1.79
0.72	0.56	2.30
0.49	0.41	2.64
-1.00	-1.00	0.69
0.69	0.51	3.18
1.00	1.00	0.69
0.50	0.39	2.20
0.09	0.02	2.30
0.38	0.28	2.77
0.56	0.45	2.40
0.60	0.56	2.20
0.43	0.33	1.79
-0.10	-0.06	2.83
0.67	0.51	2.30
0.50	0.38	2.40
0.27	0.20	2.30
0.40	0.36	2.08
0.75	0.62	1.95
0.77	0.58	3.18
0.78	0.61	2.48
1.00	1.00	0.69
0.14	0.07	1.79
0.20	0.20	1.61
-1.00	-1.00	1.10
0.86	0.64	2.08
0.77	0.60	1.79
0.27	0.20	2.89
0.32	0.27	2.40
0.70	0.53	3.14
-0.40	-0.33	1.39
-0.50	-0.38	2.56
0.56	0.43	2.77
0.77	0.64	2.40
0.78	0.62	2.56
0.14	0.07	1.79
0.61	0.45	3.30
0.77	0.60	2.83
0.49	0.38	2.40
-1.00	-1.00	0.69
0.22	0.14	3.09
0.60	0.40	1.61
0.53	0.38	2.64
0.76	0.58	2.71
0.40	0.33	1.39
-0.40	-0.33	1.39
0.10	0.00	1.61
0.76	0.56	2.56
-0.10	0.00	1.61
-0.60	-0.40	1.61
0.07	0.05	1.95
0.15	0.12	2.77
0.48	0.38	3.00
0.72	0.54	3.61
0.80	0.67	1.39
1.00	1.00	1.79
0.36	0.25	2.94
0.42	0.33	3.09
0.10	0.00	1.61
0.60	0.40	1.61
0.60	0.47	1.79
0.75	0.52	1.95
0.66	0.54	2.56
0.83	0.71	2.08
0.57	0.46	2.56
0.48	0.35	2.94
0.60	0.39	2.71
0.41	0.26	3.04
0.30	0.20	1.61
0.20	0.00	1.39
0.79	0.64	2.08
0.71	0.50	2.08
0.80	0.60	1.61
-0.20	0.00	1.39
-1.00	-1.00	0.69
0.63	0.45	3.50
0.00	-0.05	1.95
0.80	0.60	1.61
0.47	0.39	2.71
0.90	0.80	1.61
0.50	0.33	1.10
0.40	0.37	2.77
0.00	0.00	1.61
0.50	0.33	1.10
-0.30	-0.20	1.61
0.88	0.72	2.20
1.00	1.00	0.69
0.80	0.67	1.39
0.89	0.73	1.79
0.73	0.54	2.56
-1.00	-1.00	0.69
-1.00	-1.00	0.69
0.54	0.47	1.79
0.93	0.78	2.64
0.83	0.67	2.64
0.50	0.33	1.10
0.50	0.33	1.10
0.33	0.20	2.40
0.74	0.50	2.77
0.47	0.34	2.64
0.56	0.40	3.40
0.50	0.41	2.83
-0.40	-0.33	1.39
0.50	0.33	1.10
0.88	0.79	2.08
0.78	0.59	3.04
0.60	0.33	1.39
0.33	0.27	2.48
0.80	0.67	1.39
0.70	0.45	2.40
0.00	0.00	1.39
0.63	0.43	3.33
-0.80	-0.67	1.39
0.40	0.33	1.39
0.89	0.81	1.95
-0.31	-0.20	1.79
0.54	0.43	1.95
-1.00	-1.00	0.69
0.73	0.51	2.94
0.76	0.59	2.56
0.46	0.36	2.48
0.75	0.52	1.95
0.31	0.20	1.79
0.64	0.62	1.95
0.80	0.61	3.18
0.12	0.22	2.20
0.09	0.07	1.79
-1.00	-1.00	0.69
0.31	0.20	1.79
0.89	0.73	1.79
0.78	0.64	2.48
0.50	0.21	2.08
0.76	0.54	3.30
0.49	0.33	1.79
1.00	1.00	0.69
1.00	1.00	0.69
0.40	0.33	1.39
0.60	0.43	2.71
0.89	0.73	2.77
-0.40	-0.33	1.39
0.53	0.42	2.48
-0.25	-0.24	1.95
0.72	0.54	2.56
0.65	0.50	2.71
0.80	0.67	2.20
0.64	0.52	1.95
0.73	0.54	2.71
0.77	0.56	2.56
0.53	0.44	2.20
0.58	0.47	2.64
0.54	0.41	2.64
0.51	0.38	2.40
0.28	0.22	2.77
0.79	0.58	2.71
0.83	0.65	3.47
-1.00	-1.00	0.69
0.50	0.33	1.10
0.79	0.62	1.95
1.00	1.00	1.10
1.00	1.00	1.10
0.32	0.14	1.95
0.74	0.58	2.48
-0.17	-0.07	2.08
0.78	0.58	3.30
0.49	0.36	2.64
0.63	0.51	3.00
0.45	0.45	2.48
0.56	0.39	2.71
0.50	0.33	1.95
0.45	0.33	3.18
0.30	0.13	2.77
0.50	0.38	3.50
0.43	0.43	1.95
0.30	0.20	1.61
-1.00	-1.00	0.69
0.70	0.60	1.61
0.72	0.51	2.30
-0.50	-0.33	1.10
0.34	0.25	2.64
0.00	0.00	1.39
0.77	0.60	1.79
0.50	0.20	1.61
-0.50	-0.33	1.10
0.10	0.00	1.61
0.59	0.33	2.48
1.00	1.00	1.39
0.60	0.33	1.39
1.00	1.00	1.10
0.32	0.14	1.95
0.80	0.67	1.39
0.50	0.33	1.10
0.80	0.60	1.61
0.57	0.42	2.48
0.50	0.33	1.10
1.00	1.00	0.69
0.13	0.13	2.40
0.90	0.80	1.61
0.74	0.53	2.89
0.70	0.60	1.61
1.00	1.00	1.10
0.79	0.62	1.95
0.30	0.20	1.61
0.79	0.60	2.30
0.79	0.58	2.64
0.83	0.73	1.79
0.72	0.54	2.64
-1.00	-1.00	0.69
0.00	0.00	1.39
0.81	0.57	2.08
0.21	0.21	2.08
0.01	-0.03	2.56
1.00	1.00	0.69
0.60	0.47	1.79
0.75	0.54	2.64
0.20	0.16	2.40
0.40	0.33	1.39
0.74	0.62	2.83
0.63	0.50	2.20
0.56	0.39	2.71
0.74	0.57	2.94
0.40	0.40	1.61
0.77	0.60	1.79
0.40	0.33	1.39
0.09	0.20	1.79
0.49	0.33	1.79
0.51	0.35	3.64
0.84	0.65	2.89
0.69	0.52	2.48
0.90	0.80	1.61
0.38	0.26	3.00
0.33	0.24	2.30
0.82	0.64	2.30
0.04	0.07	2.30
0.60	0.47	2.30
0.40	0.40	1.61
0.66	0.45	2.40
0.18	0.10	2.64
1.00	1.00	1.10
0.80	0.67	1.39
0.33	0.22	2.20
0.36	0.29	2.08
0.02	0.06	2.20
0.70	0.60	1.61
-0.26	-0.29	2.08
0.13	0.08	2.77
0.40	0.35	2.40
0.49	0.33	1.79
0.36	0.36	2.08
0.90	0.78	2.20
-1.00	-1.00	1.61
0.67	0.50	2.71
0.49	0.33	2.48
-0.01	-0.02	2.30
0.32	0.20	2.40
0.83	0.69	2.30
0.22	0.14	2.71
0.63	0.46	2.56
1.00	1.00	1.10
0.43	0.33	1.79
0.14	0.05	1.95
0.83	0.78	2.20
-1.00	-1.00	1.10
0.68	0.54	2.56
1.00	1.00	1.61
0.60	0.40	1.61
0.60	0.40	1.61
0.60	0.33	1.39
0.34	0.28	3.04
0.80	0.67	1.39
0.49	0.37	2.77
0.74	0.64	2.08
0.74	0.50	2.08
0.00	0.00	1.39
0.24	0.14	2.71
0.64	0.47	3.47
0.54	0.36	3.30
0.70	0.60	1.61
0.56	0.42	2.30
0.96	0.90	1.95
0.40	0.33	1.39
0.78	0.56	2.40
0.54	0.40	2.89
0.86	0.70	2.48
0.71	0.45	2.40
0.44	0.34	2.64
0.57	0.43	1.95
1.00	1.00	0.69
0.57	0.43	2.08
0.70	0.60	1.61
0.76	0.57	2.08
-0.50	-0.33	1.10
0.60	0.36	2.08
0.77	0.60	1.79
1.00	1.00	1.10
0.50	0.33	1.10
0.90	0.80	1.61
0.70	0.60	1.61
-0.20	0.00	1.39
-1.00	-1.00	1.10
0.10	0.00	1.61
0.80	0.67	1.39
1.00	1.00	1.10
0.60	0.33	1.39
0.40	0.40	1.61
-0.39	-0.24	1.95
0.10	0.03	2.48
0.58	0.49	2.40
0.66	0.47	1.79
0.89	0.73	1.79
0.75	0.60	3.30
0.48	0.33	2.30
0.73	0.50	3.22
0.82	0.67	2.89
0.55	0.24	2.48
0.71	0.54	2.64
0.49	0.34	2.64
-1.00	-1.00	1.39
0.75	0.62	1.95
0.00	0.20	1.61
0.61	0.44	2.94
-0.08	-0.16	2.30
1.00	1.00	1.10
0.83	0.73	1.79
0.40	0.21	2.08
-0.07	0.00	2.08
0.50	0.33	1.10
-0.50	-0.40	1.61
0.40	0.40	1.61
0.50	0.33	2.30
0.43	0.30	3.04
0.51	0.46	2.83
0.74	0.55	3.04
0.49	0.33	2.30
0.76	0.56	2.30
0.31	0.36	2.08
0.44	0.33	2.48
0.37	0.24	3.30
-0.50	-0.33	1.10
0.75	0.56	2.20
0.69	0.51	2.56
1.00	1.00	1.10
0.20	0.20	1.61
0.57	0.52	1.95
0.58	0.39	2.20
0.60	0.40	1.61
0.36	0.27	2.48
0.31	0.20	1.79
0.43	0.20	1.79
1.00	1.00	0.69
0.34	0.30	2.77
0.64	0.49	3.09
-0.80	-0.60	1.61
0.60	0.40	1.61
-0.26	-0.20	1.79
0.40	0.40	1.61
0.60	0.33	1.39
0.65	0.54	2.71
0.61	0.41	3.37
0.60	0.40	1.61
1.00	1.00	1.10
0.61	0.50	2.77
0.57	0.40	3.00
0.65	0.41	2.56
0.66	0.60	1.79
0.61	0.48	2.48
0.70	0.57	3.14
0.50	0.40	3.04
0.49	0.33	1.79
0.57	0.43	1.95
0.00	0.00	1.39
0.43	0.36	2.08
0.63	0.48	2.48
0.88	0.71	2.08
0.80	0.67	1.39
0.20	0.20	1.61
0.13	0.07	2.30
0.58	0.44	2.20
0.37	0.30	3.04
0.61	0.42	2.30
0.20	0.00	1.39
-0.40	-0.33	1.39
0.33	0.33	2.20
0.63	0.45	2.77
0.34	0.21	2.48
0.80	0.60	1.61
1.00	1.00	0.69
0.79	0.62	1.95
0.71	0.52	2.48
0.50	0.33	1.10
0.50	0.29	2.89
0.57	0.43	2.08
0.29	0.24	1.95
0.60	0.40	1.61
0.60	0.40	1.61
0.54	0.45	2.71
0.50	0.34	2.83
0.83	0.60	1.79
0.52	0.32	3.00
0.50	0.33	1.10
0.80	0.67	1.39
0.48	0.44	2.56
0.78	0.70	2.48
0.65	0.52	2.64
1.00	1.00	1.61
0.25	0.16	2.40
0.55	0.43	2.08
0.81	0.65	2.94
0.77	0.67	2.20
0.50	0.33	1.10
0.57	0.38	3.14
0.64	0.52	2.48
0.78	0.60	2.40
0.51	0.37	2.83
-0.10	0.00	1.61
1.00	1.00	1.10
0.47	0.33	2.48
0.54	0.33	1.79
0.54	0.36	3.04
0.67	0.49	3.22
-1.00	-1.00	0.69
-0.30	-0.20	1.61
0.67	0.46	3.43
0.26	0.07	1.79
0.55	0.43	2.77
0.54	0.41	2.71
0.54	0.47	1.79
0.69	0.48	3.71
0.81	0.64	2.08
0.66	0.48	3.18
0.73	0.55	3.00
0.39	0.28	2.83
0.49	0.40	3.37
0.57	0.42	3.97
0.48	0.36	3.14
0.62	0.50	2.20
-0.05	-0.11	2.20
0.51	0.35	2.77
1.00	1.00	0.69
0.76	0.64	2.08
0.73	0.56	2.20
0.88	0.71	2.08
0.48	0.39	2.48
0.30	0.20	1.61
0.72	0.51	2.30
0.52	0.46	2.56
0.87	0.70	2.71
0.56	0.40	3.97
0.37	0.20	1.79
0.80	0.67	1.39
0.32	0.24	1.95
-1.00	-1.00	0.69
0.45	0.28	2.20
0.59	0.45	2.48
-1.00	-1.00	1.10
0.20	0.00	1.39
1.00	1.00	0.69
0.55	0.39	2.20
1.00	1.00	0.69
0.80	0.67	1.39
0.50	0.31	2.56
-0.50	-0.33	1.10
0.65	0.53	3.14
0.93	0.86	2.08
0.63	0.46	3.18
0.37	0.33	1.79
0.00	0.00	1.39
0.50	0.33	1.10
0.68	0.49	2.89
0.60	0.40	1.61
0.43	0.20	1.79
0.70	0.60	1.61
0.26	0.14	2.08
0.52	0.38	2.30
0.81	0.63	2.94
0.50	0.33	1.10
0.89	0.73	1.79
-0.26	-0.20	1.79
0.56	0.39	3.50
-0.20	0.00	1.39
0.60	0.33	1.39
0.62	0.46	3.53
0.90	0.79	2.48
0.82	0.60	2.30
0.50	0.33	1.10
0.50	0.33	1.10
0.62	0.47	3.18
0.38	0.33	2.20
0.36	0.24	2.71
0.20	0.00	1.39
0.60	0.45	3.30
0.50	0.40	1.61
-0.12	-0.09	2.48
0.76	0.59	3.09
0.57	0.43	1.95
0.77	0.60	1.79
0.58	0.41	3.30
0.74	0.51	2.56
0.31	0.20	1.79
0.80	0.67	2.40
1.00	1.00	1.39
0.09	0.07	1.79
0.71	0.47	1.79
-0.27	-0.20	2.30
0.09	0.20	1.79
0.80	0.67	1.39
0.80	0.67	2.56
0.70	0.51	2.56
0.71	0.58	2.94
0.80	0.67	1.39
0.68	0.51	2.94
0.81	0.57	2.08
0.69	0.57	2.08
0.81	0.65	2.94
0.76	0.50	2.71
0.50	0.33	1.10
0.50	0.33	1.10
1.00	1.00	1.10
0.74	0.57	2.08
1.00	1.00	1.39
0.76	0.55	3.00
0.64	0.43	1.95
-1.00	-1.00	0.69
0.69	0.52	2.77
0.80	0.67	1.39
0.42	0.34	2.83
-1.00	-1.00	1.10
0.71	0.62	1.95
0.00	0.20	1.61
0.50	0.38	2.40
0.73	0.61	2.20
0.60	0.33	1.39
0.17	0.17	2.20
-1.00	-1.00	0.69
0.86	0.69	2.56
0.61	0.45	3.09
0.50	0.20	1.61
0.94	0.87	1.79
0.30	0.18	2.56
0.70	0.60	1.61
0.68	0.50	2.20
0.70	0.60	1.61
0.53	0.47	2.64
0.26	0.20	1.79
0.80	0.60	1.61
-0.12	0.00	2.08
0.81	0.60	3.33
0.75	0.62	1.95
-0.50	-0.33	1.10
0.50	0.40	1.61
0.60	0.47	1.79
0.10	0.00	1.61
0.90	0.80	1.61
0.75	0.62	1.95
1.00	1.00	1.10
0.89	0.73	1.79
0.40	0.33	1.39
0.95	0.83	2.20
0.60	0.33	1.39
0.60	0.47	1.79
1.00	1.00	0.69
0.60	0.33	1.39
0.50	0.33	1.10
0.86	0.71	1.95
0.71	0.60	1.79
0.36	0.36	2.08
0.03	-0.07	1.79
0.61	0.48	2.77
0.03	0.07	1.79
0.83	0.73	1.79
0.00	0.00	1.39
0.10	0.00	1.61
0.65	0.51	2.56
0.49	0.33	1.79
0.83	0.60	2.71
0.90	0.80	1.61
0.72	0.51	3.18
-0.10	-0.14	2.08
-0.60	-0.40	1.61
0.52	0.33	2.48
0.00	0.05	1.95
0.65	0.39	2.20
0.03	0.02	2.30
0.66	0.42	2.30
0.83	0.73	1.79
0.30	0.20	1.61
0.13	0.12	2.64
0.80	0.67	1.39
-0.20	-0.13	2.40
0.64	0.43	1.95
0.26	0.20	1.79
0.29	0.21	3.00
0.65	0.56	2.40
0.11	0.05	1.95
0.71	0.57	2.08
0.48	0.33	3.26
0.48	0.37	3.61
0.53	0.41	2.89
0.58	0.45	2.64
0.49	0.33	1.79
0.38	0.28	2.71
0.50	0.33	1.10
0.86	0.71	1.95
0.60	0.47	1.79
0.80	0.67	1.39
0.50	0.40	1.61
0.14	0.14	1.95
0.40	0.33	1.39
0.33	0.29	2.08
0.37	0.33	1.79
0.50	0.37	2.83
0.90	0.80	1.61
0.50	0.33	1.10
0.20	0.00	1.39
0.66	0.60	1.79
-0.20	-0.20	1.79
0.60	0.33	1.39
0.46	0.32	3.04
0.81	0.63	3.00
0.54	0.47	1.79
0.85	0.67	2.20
0.69	0.51	3.14
0.81	0.64	2.08
0.97	0.89	2.20
0.80	0.67	1.39
0.50	0.38	3.30
0.10	0.09	2.48
0.16	0.20	2.30
0.40	0.40	1.61
0.59	0.42	2.48
0.79	0.60	3.00
0.49	0.33	1.79
0.84	0.62	3.50
0.50	0.33	2.56
0.69	0.51	3.18
0.76	0.61	3.18
0.45	0.26	2.71
0.77	0.60	1.79
0.59	0.42	2.94
0.74	0.47	2.64
0.38	0.29	2.08
1.00	1.00	1.10
0.25	0.19	2.89
0.60	0.44	2.20
0.40	0.33	1.39
0.80	0.67	2.20
0.50	0.43	1.95
0.82	0.63	2.83
0.72	0.49	2.40
0.49	0.31	2.56
0.64	0.46	2.89
0.62	0.43	3.76
0.78	0.59	2.83
0.48	0.36	2.08
0.64	0.44	2.83
0.90	0.80	1.61
0.89	0.73	1.79
0.80	0.67	1.39
1.00	1.00	0.69
0.60	0.45	2.64
0.71	0.50	2.08
0.72	0.52	2.94
0.90	0.79	2.08
0.46	0.34	2.64
0.74	0.53	2.77
0.48	0.36	3.18
0.32	0.20	2.71
0.80	0.67	1.39
0.20	0.07	1.79
0.76	0.60	2.30
0.83	0.66	3.04
0.34	0.23	2.56
0.50	0.40	1.61
0.68	0.56	2.64
0.43	0.32	3.14
0.79	0.59	3.43
0.70	0.56	2.20
0.33	0.24	3.18
0.36	0.29	2.08
0.73	0.55	3.00
0.80	0.67	1.39
0.70	0.60	1.61
0.61	0.47	3.22
0.87	0.71	2.83
0.76	0.63	2.89
0.69	0.50	2.08
0.43	0.43	1.95
0.39	0.33	1.95
-0.14	-0.24	1.95
0.76	0.57	3.22
0.61	0.50	2.94
0.90	0.80	1.61
0.40	0.33	1.39
0.79	0.64	2.08
0.43	0.27	2.40
0.76	0.59	3.14
0.81	0.63	3.09
0.81	0.61	3.00
0.60	0.33	1.39
0.61	0.46	3.04
0.92	0.78	2.20
0.75	0.58	2.48
0.71	0.57	2.08
0.50	0.37	2.71
0.70	0.50	2.77
0.83	0.64	3.53
0.46	0.32	2.94
0.60	0.47	1.79
0.73	0.54	2.64
0.79	0.57	2.77
0.88	0.72	2.77
0.63	0.61	2.20
0.50	0.33	1.10
0.67	0.50	2.08
0.67	0.50	2.08
0.56	0.40	2.94
0.80	0.67	1.39
0.42	0.31	2.56
0.59	0.42	2.40
0.46	0.31	2.94
0.86	0.71	2.08
0.76	0.54	3.09
0.62	0.46	2.56
0.74	0.54	3.09
0.60	0.33	1.79
0.51	0.43	2.94
0.76	0.58	2.89
0.58	0.50	2.20
0.65	0.53	2.40
0.82	0.62	2.83
0.39	0.27	2.64
0.69	0.53	2.40
0.29	0.24	1.95
0.59	0.47	2.30
-0.16	-0.14	2.64
0.62	0.50	2.20
0.43	0.31	2.40
1.00	1.00	1.10
0.60	0.47	1.79
0.50	0.33	1.10
0.63	0.48	2.77
0.83	0.64	2.48
-0.50	-0.33	1.10
-0.10	-0.06	2.48
0.50	0.40	1.61
0.89	0.73	1.79
0.55	0.41	2.89
0.00	-0.20	1.61
0.46	0.36	2.56
0.47	0.36	3.26
0.32	0.24	1.95
0.11	0.14	1.95
-0.19	-0.07	2.08
0.56	0.39	2.71
0.27	0.15	2.56
0.74	0.49	3.22
0.72	0.52	2.48
0.94	0.87	1.79
0.62	0.47	2.30
1.00	1.00	1.10
0.89	0.73	1.79
0.87	0.73	2.48
0.21	0.14	1.95
-0.20	0.00	1.39
0.50	0.33	1.10
0.77	0.61	2.20
0.37	0.20	1.79
0.70	0.47	2.64
0.07	0.14	2.08
0.87	0.67	2.20
0.74	0.54	2.89
0.44	0.33	3.64
0.13	0.03	2.64
0.64	0.45	2.48
0.78	0.61	2.20
0.18	0.11	2.94
0.68	0.51	2.56
0.81	0.64	2.48
0.20	0.00	1.39
0.40	0.33	1.39
0.01	0.02	2.30
0.20	0.00	1.39
-1.00	-1.00	1.10
0.20	0.20	1.61
1.00	1.00	1.39
0.33	0.29	2.08
0.71	0.52	1.95
0.78	0.59	3.00
0.71	0.57	2.08
0.76	0.60	2.71
0.80	0.64	2.40
0.82	0.62	1.95
0.82	0.71	1.95
0.72	0.60	2.30
0.63	0.45	3.58
0.57	0.43	2.08
0.88	0.71	2.40
-0.50	-0.33	1.10
0.50	0.33	1.10
1.00	1.00	0.69
0.40	0.33	1.39
0.78	0.67	2.20
0.11	0.14	1.95
0.80	0.67	1.39
0.56	0.45	2.48
0.35	0.23	2.56
0.71	0.53	3.30
0.46	0.35	2.40
0.50	0.33	1.10
0.80	0.64	2.48
0.81	0.60	2.30
-0.80	-0.67	1.39
0.36	0.30	2.77
0.90	0.79	2.08
1.00	1.00	1.10
0.59	0.45	3.18
0.64	0.42	2.48
0.20	0.20	1.61
0.31	0.33	1.79
0.77	0.69	2.89
0.40	0.21	2.08
0.34	0.18	2.71
0.64	0.43	1.95
0.71	0.52	2.71
0.43	0.29	2.08
0.55	0.41	2.71
0.36	0.27	2.48
-1.00	-1.00	0.69
0.20	0.20	1.61
0.87	0.73	2.48
1.00	1.00	1.10
0.93	0.81	1.95
-0.20	0.00	1.39
0.45	0.33	3.00
1.00	1.00	1.61
0.40	0.28	2.20
0.64	0.50	2.08
0.73	0.53	3.40
1.00	1.00	0.69
0.19	0.21	2.08
1.00	1.00	0.69
0.20	0.00	1.39
-0.55	-0.44	2.20
1.00	1.00	1.10
0.40	0.33	1.39
0.90	0.80	1.61
0.20	0.20	1.79
0.93	0.81	1.95
0.57	0.43	1.95
0.35	0.25	3.40
0.18	0.11	2.20
0.50	0.33	1.10
0.50	0.33	1.10
1.00	1.00	0.69
0.68	0.56	2.30
0.66	0.47	1.79
0.97	0.89	2.20
0.74	0.57	2.77
0.94	0.82	2.30
0.05	0.00	2.08
0.48	0.36	2.08
0.94	0.87	1.79
0.13	0.17	2.20
0.69	0.50	2.08
0.30	0.20	1.61
0.79	0.62	1.95
0.31	0.23	2.64
0.80	0.67	1.39
1.00	1.00	1.10
0.33	0.24	2.40
0.19	0.12	2.64
0.55	0.36	2.08
0.51	0.38	2.56
0.64	0.62	1.95
0.50	0.33	1.10
-1.00	-1.00	0.69
-0.14	-0.20	1.79
0.90	0.80	1.61
0.77	0.58	2.64
0.60	0.40	2.77
1.00	1.00	1.10
0.54	0.47	1.79
0.10	0.00	1.61
-0.10	0.00	1.61
0.68	0.52	1.95
0.35	0.22	2.83
0.62	0.46	3.26
0.10	0.00	1.61
0.19	0.14	2.08
0.07	0.06	3.30
0.27	0.14	2.64
0.47	0.37	3.00
0.86	0.73	2.48
0.52	0.37	2.77
0.71	0.49	2.56
1.00	1.00	1.10
-0.68	-0.52	1.95
0.57	0.36	2.08
0.80	0.67	1.39
0.39	0.24	1.95
0.57	0.43	2.08
0.66	0.47	1.79
0.50	0.33	1.95
0.93	0.83	2.20
0.67	0.56	2.30
0.58	0.43	3.14
0.54	0.34	2.83
0.20	0.00	1.39
0.33	0.29	2.08
0.64	0.48	2.89
0.17	0.14	2.08
0.33	0.29	2.08
0.60	0.47	1.79
0.09	0.07	1.79
0.59	0.47	2.71
-0.30	-0.20	1.61
-0.30	-0.20	1.61
0.43	0.24	1.95
0.84	0.64	2.30
0.36	0.29	2.08
0.64	0.49	3.26
0.19	0.20	2.40
0.00	0.00	1.39
1.00	1.00	0.69
0.31	0.20	1.79
0.57	0.36	2.08
0.58	0.42	2.30
0.79	0.57	2.08
1.00	1.00	1.10
0.75	0.61	2.20
0.70	0.60	1.61
0.90	0.80	1.61
0.39	0.30	2.64
0.26	0.16	2.40
-0.50	-0.33	1.10
0.80	0.67	1.39
0.87	0.69	2.30
0.52	0.37	2.71
0.47	0.33	3.18
0.49	0.37	2.94
0.52	0.39	3.53
0.82	0.65	2.89
0.34	0.27	3.37
0.15	0.11	2.89
0.33	0.24	2.83
0.59	0.45	2.64
0.87	0.76	2.48
0.67	0.50	2.20
0.60	0.33	1.39
0.15	0.09	2.40
0.90	0.80	1.61
0.80	0.67	1.39
0.39	0.24	1.95
0.93	0.81	1.95
0.65	0.52	2.64
1.00	1.00	0.69
0.09	0.07	1.79
0.09	-0.07	1.79
-0.50	-0.20	1.61
0.56	0.43	2.64
1.00	1.00	0.69
0.77	0.60	1.79
0.52	0.36	2.08
0.23	0.17	2.20
0.29	0.33	1.95
0.46	0.35	2.40
-0.40	-0.33	1.39
0.17	0.12	2.94
0.72	0.51	2.30
1.00	1.00	1.10
0.48	0.43	2.08
0.04	0.05	1.95
0.80	0.67	1.39
0.49	0.38	3.43
0.71	0.60	1.79
0.62	0.47	2.30
0.32	0.24	2.30
0.54	0.33	1.79
0.76	0.64	2.08
0.23	0.17	2.20
-0.10	0.00	1.61
0.48	0.37	3.37
0.60	0.33	1.39
1.00	1.00	1.61
0.64	0.46	3.53
1.00	1.00	1.10
0.66	0.52	2.48
0.11	0.10	2.71
0.59	0.49	3.37
0.83	0.71	2.08
0.53	0.29	2.30
0.30	0.20	2.77
0.32	0.33	1.95
-0.04	-0.03	2.94
0.39	0.24	1.95
0.30	0.20	1.61
0.50	0.36	2.48
0.39	0.31	3.18
-0.04	-0.05	1.95
0.50	0.33	1.10
0.94	0.87	1.79
0.50	0.33	1.10
0.87	0.73	2.77
0.36	0.29	2.08
1.00	1.00	1.95
0.80	0.67	1.39
0.28	0.22	2.20
0.73	0.56	2.83
0.37	0.07	1.79
0.88	0.71	2.89
0.54	0.33	2.89
1.00	1.00	1.10
0.59	0.45	2.71
0.45	0.32	2.64
0.55	0.38	2.30
0.77	0.60	1.79
0.89	0.73	1.79
-0.32	-0.24	1.95
0.69	0.48	3.37
0.64	0.57	2.08
0.69	0.51	3.26
0.76	0.55	3.00
0.53	0.41	2.56
0.73	0.54	2.83
0.30	0.20	1.61
0.80	0.67	1.39
0.50	0.43	2.08
0.55	0.36	2.64
1.00	1.00	0.69
0.70	0.60	1.61
-0.40	-0.33	1.39
0.44	0.30	3.26
0.72	0.51	3.52
0.50	0.33	1.10
0.11	0.12	2.48
0.21	0.16	2.40
0.39	0.25	2.83
0.73	0.56	2.56
-0.40	-0.33	1.39
-0.20	0.00	1.39
0.68	0.50	2.20
0.71	0.62	1.95
-0.19	-0.13	2.40
0.67	0.49	3.22
0.50	0.38	2.30
0.47	0.28	2.83
0.87	0.72	2.20
0.73	0.61	2.20
0.68	0.52	1.95
0.14	0.05	1.95
0.84	0.67	2.40
0.74	0.57	2.08
0.78	0.58	3.74
0.02	0.07	2.30
0.66	0.45	2.94
0.38	0.22	2.20
0.72	0.55	3.00
0.83	0.73	1.79
0.05	0.05	2.89
0.21	0.20	2.30
0.35	0.33	2.20
0.72	0.53	3.22
1.00	1.00	1.39
0.61	0.52	3.14
0.49	0.33	1.79
1.00	1.00	1.10
0.79	0.66	2.71
0.14	0.07	1.79
1.00	1.00	1.39
0.53	0.39	2.20
0.50	0.20	1.61
0.72	0.56	2.20
0.56	0.42	3.26
0.81	0.57	2.08
0.61	0.44	3.00
0.14	0.20	1.79
0.38	0.29	2.08
0.52	0.45	2.48
-0.09	-0.20	1.79
1.00	1.00	1.10
1.00	1.00	0.69
0.70	0.60	1.61
0.30	0.20	1.61
0.55	0.39	3.18
0.49	0.33	1.79
0.94	0.87	1.79
0.82	0.67	2.48
0.57	0.43	1.95
0.31	0.25	2.89
-0.50	-0.33	1.10
0.20	0.20	1.61
0.80	0.67	1.39
0.50	0.33	1.10
0.83	0.64	2.08
0.74	0.56	3.61
0.36	0.24	2.40
0.82	0.64	2.30
1.00	1.00	0.69
0.85	0.65	2.77
0.42	0.28	2.20
0.10	0.00	1.61
0.54	0.47	1.79
0.65	0.39	2.20
0.64	0.43	1.95
0.17	0.14	2.08
0.63	0.44	2.20
0.46	0.33	1.95
1.00	1.00	0.69
0.80	0.67	1.39
0.74	0.56	3.00
0.72	0.54	2.64
0.64	0.43	1.95
0.60	0.33	1.39
1.00	1.00	1.39
0.64	0.47	2.71
0.60	0.40	1.61
0.25	0.22	2.20
0.66	0.49	2.40
0.61	0.45	2.71
0.90	0.79	2.48
0.43	0.29	2.08
0.78	0.64	2.40
0.66	0.47	1.79
-0.07	0.00	2.20
0.62	0.50	2.08
1.00	1.00	0.69
0.34	0.24	2.71
0.56	0.39	3.09
0.82	0.62	1.95
0.82	0.67	2.20
0.60	0.40	1.61
0.09	0.07	1.79
0.79	0.62	1.95
0.85	0.65	3.26
0.50	0.40	3.04
0.46	0.33	1.95
0.87	0.69	2.30
0.46	0.42	2.40
0.88	0.71	2.08
0.48	0.33	2.20
0.81	0.61	3.33
0.50	0.33	1.10
0.80	0.67	1.39
1.00	1.00	1.10
0.67	0.50	2.08
0.48	0.34	3.56
0.74	0.55	3.66
0.55	0.41	3.47
0.56	0.40	2.94
0.65	0.48	3.53
0.31	0.33	1.79
0.53	0.39	2.20
0.60	0.40	1.61
0.57	0.44	3.30
0.55	0.41	2.64
0.54	0.47	1.79
0.32	0.20	2.30
0.66	0.59	3.04
0.85	0.70	2.48
0.66	0.46	3.04
0.71	0.52	2.89
0.60	0.42	2.94
0.89	0.73	2.30
0.72	0.58	2.48
0.82	0.68	2.71
0.63	0.50	3.18
0.73	0.57	3.37
0.09	0.07	1.79
0.82	0.63	3.22
0.54	0.40	2.77
-0.80	-0.67	1.39
0.80	0.60	1.61
1.00	1.00	0.69
0.50	0.33	1.10
0.65	0.52	2.77
0.25	0.22	2.83
0.50	0.33	1.10
0.60	0.45	2.94
-1.00	-1.00	0.69
1.00	1.00	1.61
0.80	0.60	1.61
0.63	0.48	2.48
0.43	0.31	2.40
0.70	0.60	1.61
0.80	0.67	1.39
0.50	0.33	1.10
0.53	0.37	2.83
0.34	0.27	3.14
0.35	0.19	2.64
0.90	0.80	1.61
0.40	0.33	1.39
0.72	0.50	2.20
0.81	0.64	2.08
-0.80	-0.67	1.39
0.69	0.50	2.89
0.70	0.60	2.30
-1.00	-1.00	0.69
-0.26	-0.20	1.79
-0.40	-0.33	1.39
0.80	0.67	1.39
0.55	0.50	2.08
1.00	1.00	1.39
0.50	0.33	1.10
1.00	1.00	0.69
0.56	0.40	3.71
0.53	0.39	3.76
0.32	0.22	2.20
0.77	0.60	1.79
0.54	0.32	2.64
0.71	0.52	1.95
0.20	0.00	1.39
0.70	0.61	2.20
0.60	0.50	2.08
-0.03	-0.07	1.79
0.82	0.71	1.95
0.40	0.33	1.39
1.00	1.00	1.10
1.00	1.00	1.61
0.73	0.61	2.20
0.63	0.45	2.64
0.54	0.33	1.79
1.00	1.00	1.61
0.76	0.54	2.56
0.72	0.55	2.48
0.50	0.33	1.10
-1.00	-1.00	0.69
0.35	0.26	3.04
0.55	0.44	2.89
0.35	0.33	2.56
0.77	0.60	1.79
0.48	0.36	2.56
0.86	0.71	1.95
0.49	0.36	3.26
0.20	0.20	1.61
0.21	0.14	1.95
0.86	0.70	2.89
0.46	0.27	2.40
0.60	0.47	1.79
0.60	0.47	1.79
0.83	0.73	1.79
0.83	0.71	2.08
0.67	0.57	3.00
0.30	0.20	2.40
0.54	0.38	2.30
1.00	1.00	1.39
0.63	0.41	2.56
0.68	0.52	1.95
0.12	0.14	2.08
0.60	0.47	1.79
0.50	0.33	1.10
-1.00	-1.00	0.69
-1.00	-1.00	0.69
0.21	0.16	2.30
0.20	0.00	1.39
0.71	0.52	1.95
-1.00	-1.00	0.69
0.90	0.80	1.61
0.90	0.80	1.61
0.83	0.73	1.79
0.40	0.33	1.39
1.00	1.00	1.10
0.36	0.33	1.95
0.10	0.00	1.61
0.09	0.09	2.83
0.73	0.62	2.56
-0.20	0.00	1.39
0.00	0.00	1.39
0.60	0.40	1.61
0.20	0.20	2.40
0.68	0.50	3.04
0.11	0.14	1.95
0.71	0.60	1.79
0.89	0.73	1.79
-0.26	-0.20	1.79
0.40	0.33	1.39
0.80	0.67	1.39
0.57	0.43	1.95
1.00	1.00	0.69
-0.18	-0.14	1.95
0.40	0.33	1.39
0.80	0.67	1.39
0.20	0.20	1.61
0.47	0.32	2.83
0.83	0.73	1.79
0.37	0.33	1.79
1.00	1.00	1.61
0.86	0.71	1.95
0.60	0.33	1.39
0.58	0.41	2.56
0.83	0.73	1.79
0.77	0.60	1.79
0.50	0.40	1.61
0.37	0.33	1.79
0.74	0.57	2.08
-0.03	-0.02	2.30
0.21	0.14	2.08
0.60	0.47	1.79
0.42	0.33	2.20
0.30	0.20	1.61
1.00	1.00	0.69
0.54	0.33	1.95
0.85	0.72	2.94
0.88	0.71	2.08
0.70	0.60	1.61
1.00	1.00	1.39
0.00	0.00	1.39
1.00	1.00	1.39
0.24	0.21	2.08
1.00	1.00	1.10
-0.90	-0.80	1.61
1.00	1.00	1.10
0.30	0.20	1.61
0.50	0.33	1.10
0.50	0.39	2.20
0.39	0.32	2.77
0.50	0.38	2.56
0.70	0.56	2.40
0.61	0.49	2.83
0.75	0.51	2.30
0.27	0.21	2.64
0.93	0.81	1.95
-0.80	-0.60	1.61
0.50	0.38	3.26
0.59	0.43	2.83
0.67	0.50	2.77
0.55	0.38	3.14
0.38	0.27	3.09
1.00	1.00	1.39
0.74	0.64	2.08
0.19	0.21	2.08
0.49	0.32	2.77
0.55	0.42	2.89
0.89	0.73	1.79
0.80	0.60	1.61
0.60	0.39	2.20
1.00	1.00	0.69
0.70	0.52	3.04
0.67	0.44	2.20
0.69	0.50	2.08
0.80	0.67	1.39
-1.00	-1.00	1.10
-0.50	-0.33	1.10
-0.50	-0.33	1.10
0.90	0.79	2.08
0.26	0.18	2.71
-0.03	-0.07	1.79
1.00	1.00	1.10
0.46	0.33	3.33
0.18	0.11	2.20
0.45	0.44	2.20
0.89	0.77	2.77
-0.04	0.05	1.95
0.57	0.41	2.71
0.44	0.31	3.37
1.00	1.00	1.39
0.90	0.80	1.61
0.45	0.31	2.56
0.12	0.11	2.20
0.45	0.35	2.71
0.46	0.35	2.77
0.71	0.52	1.95
0.80	0.67	1.39
0.90	0.80	1.61
0.59	0.45	2.40
0.40	0.33	1.39
0.50	0.39	2.20
0.82	0.71	1.95
0.53	0.33	2.30
0.80	0.67	1.39
0.67	0.50	2.08
0.56	0.40	3.09
0.50	0.33	2.48
0.87	0.71	2.40
0.43	0.43	1.95
0.74	0.53	3.04
0.12	0.13	2.40
0.40	0.36	2.08
0.70	0.60	1.61
0.71	0.54	2.89
0.30	0.20	1.61
0.60	0.42	3.37
0.22	0.18	3.04
0.79	0.62	1.95
0.72	0.50	2.77
1.00	1.00	1.10
0.41	0.29	2.30
0.48	0.43	2.08
-1.00	-1.00	0.69
0.61	0.51	2.30
0.65	0.44	2.20
0.20	0.20	1.61
0.50	0.41	2.83
0.20	0.18	2.56
0.26	0.20	1.79
-0.05	0.05	2.40
0.75	0.60	2.40
0.50	0.33	1.10
-0.05	-0.09	2.40
0.45	0.31	2.40
0.51	0.40	2.94
0.24	0.13	2.40
0.36	0.24	2.48
0.45	0.33	2.71
-1.00	-1.00	0.69
0.38	0.29	2.30
0.50	0.33	1.10
0.35	0.27	2.40
0.86	0.71	2.08
0.13	0.10	2.64
0.33	0.28	2.89
0.36	0.33	1.95
0.65	0.49	2.40
-1.00	-1.00	0.69
1.00	1.00	0.69
0.85	0.67	2.20
0.64	0.43	1.95
0.28	0.22	2.20
0.83	0.73	1.79
0.42	0.29	2.30
-0.60	-0.40	1.61
0.75	0.59	2.56
0.77	0.60	1.79
0.83	0.71	2.08
0.50	0.33	1.10
0.10	0.00	1.61
0.26	0.20	2.30
0.66	0.47	1.79
-1.00	-1.00	1.10
0.80	0.64	2.48
0.63	0.56	2.20
0.69	0.53	2.83
0.10	0.07	2.08
1.00	1.00	0.69
0.28	0.18	2.56
0.43	0.31	2.56
0.65	0.38	2.40
0.07	0.06	2.20
0.69	0.53	3.26
0.57	0.41	3.87
0.67	0.52	2.71
0.67	0.48	3.47
0.89	0.81	1.95
0.69	0.50	2.08
0.64	0.54	2.71
0.70	0.53	3.61
0.30	0.20	1.61
0.66	0.53	2.40
0.55	0.38	2.40
0.96	0.87	2.30
0.70	0.60	1.61
0.67	0.60	2.40
0.31	0.21	3.47
0.61	0.44	3.18
0.49	0.33	1.79
0.61	0.39	2.94
0.77	0.57	3.69
0.84	0.69	2.30
0.80	0.63	3.09
1.00	1.00	1.39
0.90	0.80	1.61
0.68	0.54	3.30
0.61	0.52	1.95
0.74	0.53	3.58
0.62	0.43	2.08
0.73	0.51	2.56
0.56	0.47	2.30
0.58	0.42	2.77
0.83	0.64	3.00
0.40	0.33	1.39
0.50	0.40	1.61
0.54	0.33	1.95
0.66	0.46	3.00
-1.00	-1.00	0.69
0.00	0.00	1.39
1.00	1.00	1.39
0.40	0.33	1.39
0.47	0.37	3.09
0.96	0.90	1.95
0.62	0.51	2.56
0.55	0.40	2.77
0.82	0.62	1.95
0.29	0.05	1.95
0.10	0.00	1.61
0.54	0.43	1.95
0.55	0.42	2.89
0.30	0.21	3.56
-1.00	-1.00	1.10
0.42	0.33	3.33
0.45	0.32	3.47
0.80	0.67	1.39
0.60	0.46	2.56
0.53	0.33	2.20
0.55	0.43	2.71
0.80	0.63	3.22
0.80	0.61	2.20
0.18	0.13	2.83
0.74	0.52	2.77
0.60	0.40	1.61
0.85	0.63	2.83
1.00	1.00	0.69
0.90	0.73	2.30
1.00	1.00	1.10
-0.50	-0.33	1.10
0.71	0.52	3.30
0.85	0.69	2.64
0.62	0.44	2.89
0.62	0.44	2.20
0.39	0.33	1.95
0.32	0.33	1.95
0.53	0.37	3.04
0.93	0.81	1.95
0.80	0.67	1.39
-1.00	-1.00	0.69
0.44	0.32	3.22
0.77	0.58	2.94
0.66	0.49	2.94
0.54	0.39	3.00
0.70	0.60	1.61
0.63	0.52	2.89
0.00	-0.20	1.61
-0.02	-0.07	2.08
0.57	0.43	2.94
0.50	0.28	2.20
0.58	0.40	2.89
0.81	0.64	2.30
0.53	0.42	2.48
0.45	0.39	2.20
0.25	0.18	2.71
0.61	0.42	2.30
0.59	0.42	2.48
0.54	0.37	2.89
0.00	-0.05	1.95
1.00	1.00	1.10
0.66	0.60	1.79
0.34	0.28	2.77
0.94	0.87	1.79
0.38	0.29	2.08
0.73	0.56	2.20
0.70	0.52	3.04
-0.80	-0.67	1.39
0.77	0.60	1.79
-0.17	-0.12	2.77
1.00	1.00	0.69
0.75	0.60	2.40
0.77	0.60	1.79
0.54	0.37	2.71
0.73	0.49	2.40
0.61	0.53	2.40
0.46	0.38	2.40
0.00	-0.20	1.61
0.83	0.73	1.79
0.43	0.33	1.79
0.80	0.67	1.39
-0.21	-0.14	1.95
0.24	0.14	2.08
0.14	0.12	2.48
0.50	0.33	1.10
1.00	1.00	1.10
1.00	1.00	1.39
0.25	0.20	2.30
-0.60	-0.40	1.61
0.30	0.20	1.61
0.10	0.13	2.40
0.30	0.20	1.61
0.61	0.41	2.71
0.13	0.00	2.20
0.40	0.21	2.08
0.50	0.33	1.10
1.00	1.00	0.69
0.43	0.33	2.48
0.50	0.33	1.10
0.50	0.33	1.10
0.08	0.11	2.30
1.00	1.00	1.10
-0.32	-0.24	1.95
0.08	0.11	2.20
-0.50	-0.40	1.61
0.50	0.33	1.10
0.41	0.24	2.40
0.82	0.71	1.95
0.76	0.56	2.30
0.65	0.54	2.56
1.00	1.00	1.10
0.12	0.05	2.64
0.60	0.40	1.61
0.80	0.67	1.39
0.69	0.49	2.64
0.49	0.34	2.83
0.10	0.00	2.20
0.17	0.21	2.08
0.49	0.38	2.77
0.40	0.33	1.39
0.54	0.47	2.30
0.62	0.42	2.48
0.64	0.43	1.95
1.00	1.00	0.69
0.86	0.71	1.95
0.50	0.33	1.10
0.66	0.49	2.83
0.56	0.41	2.89
0.60	0.45	3.69
0.20	0.20	1.61
0.40	0.33	1.39
0.77	0.60	1.79
0.76	0.55	2.48
1.00	1.00	0.69
0.64	0.52	1.95
0.81	0.64	2.08
0.86	0.71	1.95
0.45	0.42	2.30
0.49	0.33	1.79
0.92	0.77	2.71
0.31	0.24	2.48
0.63	0.47	2.64
0.63	0.47	2.83
0.49	0.33	2.30
0.40	0.33	1.39
1.00	1.00	1.10
0.40	0.33	1.39
0.42	0.27	2.40
0.39	0.24	1.95
0.94	0.82	2.30
0.67	0.50	2.08
0.60	0.33	1.39
0.60	0.33	1.39
0.03	0.06	2.48
0.54	0.24	1.95
-0.01	0.02	2.30
0.60	0.33	1.39
0.00	-0.20	1.61
0.07	0.05	2.40
0.66	0.47	1.79
0.83	0.64	2.08
0.30	0.22	2.20
0.37	0.07	1.79
1.00	1.00	0.69
0.64	0.57	2.08
0.14	0.07	2.08
0.71	0.57	2.08
-0.32	-0.20	2.40
0.50	0.33	1.10
0.50	0.33	1.10
-0.14	-0.33	1.79
0.32	0.17	2.20
0.07	0.00	2.08
0.22	0.11	2.20
0.00	-0.20	1.61
0.41	0.27	2.40
0.49	0.33	1.79
-1.00	-1.00	0.69
0.60	0.40	1.61
0.43	0.33	1.79
0.77	0.60	1.79
0.71	0.57	2.08
0.14	0.21	2.08
0.25	0.17	2.20
0.94	0.87	1.79
-1.00	-1.00	0.69
0.38	0.21	2.08
0.54	0.43	1.95
0.49	0.35	2.40
0.21	0.16	2.30
0.77	0.60	2.40
-0.40	-0.33	1.39
0.94	0.87	1.79
1.00	1.00	1.95
0.24	0.08	2.64
0.34	0.24	2.40
0.90	0.80	1.61
0.80	0.67	1.39
0.93	0.86	2.08
0.60	0.47	2.30
-0.40	-0.40	1.61
0.77	0.60	1.79
0.58	0.44	2.56
-0.43	-0.20	1.79
0.15	0.11	2.20
0.43	0.43	2.08
0.67	0.57	2.08
0.79	0.62	1.95
0.70	0.51	2.30
0.17	0.06	2.20
0.25	0.27	2.40
0.71	0.60	1.79
0.77	0.62	2.83
0.36	0.25	3.22
0.40	0.35	2.40
0.65	0.46	2.56
0.59	0.44	3.64
0.93	0.80	2.64
0.82	0.71	1.95
0.59	0.44	3.47
0.80	0.67	1.39
0.39	0.24	1.95
1.00	1.00	0.69
0.76	0.57	2.08
0.59	0.37	3.33
0.32	0.30	2.71
0.85	0.67	2.40
0.44	0.45	2.40
-0.20	0.00	1.39
0.54	0.47	1.79
0.71	0.47	1.79
0.88	0.71	2.08
1.00	1.00	1.10
-1.00	-1.00	0.69
0.39	0.33	1.95
1.00	1.00	0.69
0.50	0.33	1.10
0.71	0.50	2.71
0.80	0.60	1.61
0.19	0.14	3.00
1.00	1.00	0.69
0.82	0.62	1.95
0.20	0.00	1.39
0.70	0.50	2.83
-0.37	-0.33	1.79
0.05	0.00	2.20
0.80	0.60	1.61
-1.00	-1.00	0.69
0.33	0.30	2.64
0.60	0.39	2.20
0.66	0.47	1.79
0.31	0.26	2.56
0.80	0.67	1.39
0.50	0.40	1.61
0.40	0.33	1.39
0.88	0.71	2.64
0.48	0.30	2.77
0.68	0.47	2.30
0.72	0.56	2.20
0.74	0.52	3.09
0.74	0.58	3.26
1.00	1.00	0.69
0.60	0.40	1.61
0.53	0.37	3.14
0.31	0.21	2.08
0.10	0.00	1.61
1.00	1.00	1.10
0.56	0.44	2.56
-0.60	-0.47	1.79
0.00	0.00	1.39
0.61	0.48	3.26
0.62	0.47	2.71
0.49	0.35	3.00
1.00	1.00	1.39
-0.54	-0.47	1.79
0.60	0.47	1.79
0.36	0.29	2.08
0.40	0.33	1.39
1.00	1.00	1.10
0.48	0.37	2.83
0.64	0.43	2.08
0.80	0.67	1.39
0.46	0.32	2.77
0.14	0.07	1.79
0.50	0.33	1.10
0.62	0.50	2.08
-0.05	0.07	2.08
0.63	0.46	2.56
0.72	0.56	2.64
1.00	1.00	0.69
0.57	0.43	1.95
0.80	0.60	1.61
0.80	0.67	1.39
0.45	0.42	2.48
0.48	0.38	3.22
0.67	0.50	2.08
0.70	0.60	1.61
0.46	0.33	1.95
-1.00	-1.00	1.10
0.66	0.47	1.79
0.80	0.67	1.39
0.77	0.60	1.79
0.50	0.33	1.10
0.18	0.17	2.20
0.54	0.47	2.30
0.78	0.56	2.20
0.43	0.33	1.95
0.80	0.60	1.61
-0.66	-0.47	1.79
0.80	0.64	2.48
-0.26	-0.20	1.79
0.50	0.33	1.10
0.76	0.65	2.83
0.30	0.11	2.20
1.00	1.00	0.69
0.79	0.71	1.95
0.45	0.29	2.08
0.43	0.20	1.79
0.97	0.89	2.20
0.14	0.14	2.08
0.21	0.20	2.30
0.86	0.71	1.95
0.88	0.71	2.08
1.00	1.00	0.69
-0.40	-0.33	1.39
0.90	0.80	1.61
0.31	0.20	1.79
0.54	0.47	2.30
0.75	0.62	1.95
0.75	0.57	2.77
0.83	0.65	2.83
0.59	0.41	2.89
0.90	0.79	2.08
0.32	0.33	1.95
0.10	0.06	2.20
0.50	0.33	1.10
0.26	0.22	2.77
1.00	1.00	1.10
0.14	0.24	1.95
0.38	0.21	2.08
0.66	0.42	2.89
0.45	0.33	3.22
0.09	0.07	1.79
0.42	0.30	2.48
0.52	0.40	3.04
0.52	0.35	3.33
0.21	0.14	2.08
0.54	0.41	2.64
0.48	0.36	2.08
0.71	0.53	2.77
0.74	0.58	2.64
1.00	1.00	1.10
0.38	0.36	2.08
-0.20	-0.20	1.61
0.84	0.69	2.30
0.80	0.56	2.20
-0.33	-0.21	2.08
0.47	0.35	2.71
0.00	0.00	1.61
0.93	0.81	1.95
0.35	0.30	2.64
0.50	0.33	1.10
1.00	1.00	1.10
0.03	0.07	2.30
0.38	0.33	2.20
0.40	0.33	1.39
0.60	0.33	1.79
0.78	0.64	2.30
0.10	0.00	1.61
0.57	0.40	3.04
0.78	0.60	2.30
1.00	1.00	0.69
0.36	0.29	2.08
0.40	0.40	1.61
0.11	-0.05	1.95
0.77	0.56	2.64
0.61	0.41	3.22
0.43	0.30	3.14
0.61	0.33	1.95
0.76	0.58	2.48
0.81	0.60	3.18
0.40	0.33	2.69
-1.00	-1.00	0.69
0.29	0.24	2.71
1.00	1.00	0.69
0.69	0.60	2.40
1.00	1.00	1.10
0.77	0.60	1.79
0.83	0.64	2.40
0.29	0.24	2.40
0.68	0.52	1.95
-0.09	-0.07	1.79
-0.50	-0.33	1.10
0.71	0.52	1.95
0.65	0.45	2.40
-0.10	-0.14	2.08
0.65	0.53	2.40
0.62	0.45	2.77
0.59	0.44	2.56
-0.20	0.00	1.39
0.94	0.87	1.79
0.50	0.40	1.61
0.50	0.33	1.10
0.55	0.37	2.83
0.50	0.43	2.08
0.90	0.75	3.04
0.90	0.80	1.61
0.59	0.41	2.56
0.46	0.38	2.40
0.80	0.67	1.39
0.07	0.05	2.71
0.23	0.22	2.20
1.00	1.00	1.10
0.66	0.49	2.71
0.00	0.00	1.39
1.00	1.00	1.10
0.77	0.60	1.79
0.47	0.36	2.94
0.47	0.39	2.20
0.80	0.67	1.39
-0.33	-0.29	2.08
-0.50	-0.33	1.10
0.95	0.86	2.08
0.71	0.56	2.40
0.27	0.23	2.56
1.00	1.00	0.69
-0.40	-0.33	1.39
0.52	0.47	3.26
0.40	0.33	1.39
0.43	0.27	2.48
0.75	0.62	1.95
0.57	0.39	2.94
-1.00	-1.00	1.10
0.26	0.20	1.79
0.90	0.80	1.61
0.84	0.69	2.30
0.02	-0.06	2.20
0.09	0.20	1.79
-0.50	-0.33	1.10
0.83	0.73	1.79
0.39	0.26	2.71
0.79	0.62	1.95
0.83	0.64	2.08
-0.20	-0.20	1.61
0.21	0.14	1.95
1.00	1.00	1.10
-0.20	0.00	1.39
0.68	0.49	3.18
0.93	0.86	2.08
0.50	0.40	2.83
0.47	0.31	2.40
0.36	0.14	1.95
0.70	0.60	1.61
0.69	0.57	2.08
-0.09	-0.07	1.79
0.50	0.33	1.10
0.22	0.16	2.30
0.65	0.52	2.64
0.64	0.46	3.22
0.32	0.14	1.95
0.65	0.53	2.40
0.50	0.33	1.10
-0.20	-0.07	1.79
0.32	0.20	2.30
0.24	0.20	2.40
0.70	0.60	1.61
0.63	0.47	3.40
0.54	0.47	1.79
0.75	0.58	2.48
0.38	0.29	2.08
0.55	0.40	3.43
0.64	0.47	2.30
0.62	0.49	2.56
0.34	0.24	2.40
0.55	0.43	2.08
0.54	0.20	1.79
0.66	0.53	2.40
0.30	0.20	1.61
0.74	0.57	2.08
0.38	0.29	2.30
0.12	0.14	2.08
0.65	0.48	3.00
0.41	0.28	2.77
0.40	0.27	2.48
0.63	0.46	3.18
0.75	0.62	1.95
1.00	1.00	1.39
0.69	0.51	2.56
0.60	0.33	1.39
0.80	0.67	1.39
0.77	0.56	2.20
0.31	0.20	1.79
0.60	0.43	2.08
0.55	0.40	3.64
-0.30	-0.20	1.61
0.46	0.31	2.71
1.00	1.00	0.69
-0.03	-0.06	2.20
0.71	0.62	1.95
-0.80	-0.60	1.61
0.74	0.57	2.83
0.57	0.37	3.09
0.47	0.35	3.09
-1.00	-1.00	0.69
0.26	0.20	1.79
0.43	0.29	2.08
0.36	0.24	1.95
0.26	0.20	1.79
-0.20	0.00	1.39
0.50	0.35	3.18
1.00	1.00	0.69
0.77	0.60	1.79
-1.00	-1.00	1.10
0.84	0.66	3.22
0.48	0.29	2.08
0.57	0.43	2.08
0.41	0.27	2.40
0.54	0.36	2.64
0.41	0.32	3.53
0.36	0.23	2.77
0.62	0.50	2.20
0.50	0.43	2.08
1.00	1.00	1.10
0.31	0.20	1.79
0.74	0.56	2.56
0.80	0.60	1.61
0.36	0.33	2.30
0.53	0.38	2.40
0.60	0.40	1.61
0.60	0.45	2.40
0.40	0.33	1.39
0.51	0.36	2.89
0.60	0.47	2.71
0.63	0.42	2.48
0.71	0.54	2.71
0.66	0.53	2.40
0.82	0.67	2.64
0.04	0.06	2.48
0.54	0.47	1.79
0.37	0.33	1.79
-1.00	-1.00	1.39
0.21	0.18	2.48
0.54	0.40	2.77
0.18	0.05	1.95
0.12	0.09	2.48
1.00	1.00	1.10
0.27	0.22	2.20
0.73	0.55	2.48
0.54	0.47	1.79
0.50	0.33	1.10
0.70	0.60	1.61
1.00	1.00	0.69
0.59	0.36	2.56
-0.14	-0.07	2.08
0.85	0.72	2.20
1.00	1.00	1.10
0.29	0.15	2.48
0.02	-0.02	2.40
0.64	0.50	2.08
1.00	1.00	1.61
0.00	0.00	1.39
0.50	0.33	1.10
0.51	0.37	3.00
0.68	0.53	3.09
0.45	0.33	2.94
0.57	0.43	1.95
0.60	0.47	1.79
0.77	0.54	3.71
0.52	0.43	2.71
0.78	0.67	2.40
0.75	0.57	2.77
0.70	0.60	1.61
-0.40	-0.33	1.39
0.23	0.21	2.56
0.70	0.47	2.64
0.30	0.19	2.64
-1.00	-1.00	0.69
-0.10	0.00	1.61
0.54	0.24	1.95
0.33	0.22	2.20
0.62	0.50	2.08
0.60	0.47	1.79
0.80	0.67	1.39
0.60	0.47	1.79
0.64	0.43	1.95
0.75	0.59	2.56
0.82	0.67	2.40
0.40	0.33	2.77
0.82	0.60	2.30
0.68	0.51	3.00
0.48	0.36	2.08
0.63	0.50	3.22
0.71	0.62	1.95
0.10	0.00	1.61
-1.00	-1.00	1.10
0.80	0.67	1.39
1.00	1.00	1.10
-1.00	-1.00	0.69
-1.00	-1.00	0.69
0.50	0.33	1.10
-1.00	-1.00	0.69
0.20	0.00	1.39
0.50	0.33	1.10
1.00	1.00	0.69
0.83	0.60	1.79
0.40	0.33	1.39
0.64	0.49	2.56
0.64	0.46	3.22
1.00	1.00	1.10
0.81	0.64	2.08
0.59	0.43	3.22
0.52	0.39	2.20
-0.40	-0.21	2.08
0.80	0.60	1.61
0.49	0.35	2.40
0.14	0.07	2.71
0.33	0.24	2.30
0.56	0.38	2.83
0.62	0.44	2.20
0.49	0.27	2.40
0.26	0.15	2.48
0.59	0.49	2.83
0.96	0.87	2.30
0.71	0.57	2.08
0.43	0.33	2.48
0.84	0.65	2.64
0.60	0.48	2.48
0.68	0.48	2.89
0.50	0.33	1.10
0.49	0.39	3.22
0.64	0.45	2.48
1.00	1.00	0.69
0.80	0.67	1.39
0.57	0.43	1.95
0.54	0.40	2.94
0.09	0.07	1.79
0.57	0.36	2.08
-1.00	-1.00	0.69
0.71	0.58	2.48
0.20	0.00	1.39
0.25	0.17	2.20
0.70	0.49	3.22
0.73	0.56	2.71
0.70	0.50	3.04
0.71	0.52	2.94
0.67	0.52	3.58
0.31	0.23	2.77
0.26	0.29	2.08
0.38	0.33	2.20
0.50	0.33	1.10
-0.02	0.00	2.48
0.39	0.24	1.95
0.50	0.33	1.10
0.70	0.60	1.61
0.60	0.33	1.79
0.77	0.61	2.48
0.26	0.20	2.30
0.10	0.00	1.61
-0.29	-0.07	2.08
0.80	0.67	1.39
-0.50	-0.33	1.10
0.59	0.38	3.22
0.86	0.71	1.95
0.77	0.61	2.20
0.73	0.61	2.20
0.14	0.20	1.79
0.18	0.24	1.95
0.79	0.71	1.95
0.60	0.47	1.79
0.12	0.07	2.08
-0.80	-0.67	1.39
0.20	0.00	1.39
0.70	0.60	1.61
0.40	0.33	1.39
0.73	0.53	2.40
-0.66	-0.60	1.79
0.58	0.41	3.04
0.57	0.40	2.94
1.00	1.00	1.61
0.80	0.60	1.61
0.62	0.45	3.64
0.19	0.16	2.30
0.67	0.50	3.37
0.36	0.33	1.95
0.64	0.52	1.95
0.60	0.40	1.61
0.61	0.52	1.95
0.77	0.60	1.79
0.60	0.40	1.61
0.37	0.29	2.30
0.36	0.22	3.00
0.12	0.07	2.30
0.71	0.51	2.94
0.34	0.25	2.83
0.32	0.23	2.64
0.66	0.50	2.94
0.60	0.40	1.61
0.54	0.20	1.79
0.77	0.60	1.79
-0.09	-0.20	1.79
0.58	0.39	2.20
0.20	0.00	1.39
0.79	0.60	2.30
0.37	0.30	3.37
0.70	0.53	2.40
0.72	0.54	3.18
0.84	0.66	2.83
1.00	1.00	1.79
0.87	0.70	2.48
0.82	0.62	1.95
0.50	0.33	1.10
0.43	0.47	1.79
-1.00	-1.00	0.69
0.57	0.40	2.94
0.60	0.44	2.20
0.59	0.56	2.30
0.87	0.73	2.48
0.40	0.33	1.39
-0.20	0.00	1.39
0.50	0.40	1.61
0.62	0.49	2.40
0.80	0.60	1.61
0.93	0.81	1.95
0.45	0.36	2.08
0.40	0.33	1.39
1.00	1.00	1.10
0.12	0.07	2.08
1.00	1.00	1.10
1.00	1.00	0.69
0.94	0.87	1.79
0.56	0.44	2.94
0.65	0.49	2.40
0.85	0.64	2.56
0.55	0.42	2.40
0.75	0.56	2.71
0.20	0.07	1.79
0.83	0.67	2.20
0.17	0.06	2.48
0.01	0.02	2.40
0.62	0.39	2.20
0.77	0.54	3.40
0.86	0.71	2.40
0.21	0.10	2.64
0.74	0.59	3.04
0.80	0.67	1.39
0.47	0.35	2.94
0.74	0.56	2.40
0.70	0.51	2.30
0.62	0.44	2.56
0.45	0.30	2.48
0.75	0.60	2.83
0.13	0.06	2.20
-1.00	-1.00	0.69
1.00	1.00	0.69
0.33	0.22	2.94
0.49	0.34	3.09
0.43	0.47	1.79
0.90	0.80	1.61
0.50	0.40	1.61
0.80	0.62	3.14
1.00	1.00	0.69
1.00	1.00	0.69
-0.09	-0.07	1.79
-0.10	0.00	1.61
0.41	0.29	2.30
0.20	0.07	1.79
0.40	0.33	1.39
0.51	0.37	3.33
0.12	0.09	2.40
0.50	0.20	1.61
0.85	0.68	2.94
0.44	0.26	2.83
0.12	0.13	3.04
0.74	0.60	2.40
0.48	0.34	3.47
-0.09	-0.10	2.64
0.68	0.54	3.00
0.17	0.14	3.00
0.41	0.27	2.40
0.72	0.50	3.26
0.86	0.71	2.08
-0.03	0.02	2.30
0.52	0.36	2.48
-0.10	0.00	1.61
0.33	0.21	2.08
-0.59	-0.38	2.30
0.44	0.36	2.48
0.43	0.26	2.56
0.68	0.49	2.89
0.65	0.49	2.56
0.89	0.73	1.79
1.00	1.00	0.69
0.76	0.56	2.30
0.21	0.33	1.95
0.64	0.43	2.08
0.35	0.17	2.20
0.50	0.37	2.89
0.64	0.50	2.08
0.79	0.64	2.08
0.36	0.24	1.95
-0.09	0.02	2.40
0.83	0.73	1.79
0.45	0.33	2.56
0.69	0.49	2.40
-0.20	0.00	1.39
0.89	0.73	1.79
0.23	0.15	2.48
1.00	1.00	0.69
0.34	0.24	3.09
0.72	0.56	2.40
0.54	0.42	2.77
0.47	0.35	2.89
0.06	-0.01	2.64
0.46	0.30	2.71
0.72	0.54	2.56
0.14	0.07	1.79
0.15	0.10	3.61
0.87	0.72	2.20
0.80	0.59	2.56
0.93	0.82	2.40
0.79	0.62	1.95
0.33	0.21	2.08
0.83	0.60	1.79
0.45	0.35	2.77
0.58	0.41	2.83
0.61	0.44	2.56
0.24	0.16	2.64
0.82	0.72	2.20
-0.64	-0.50	2.08
0.37	0.33	1.79
-1.00	-1.00	0.69
0.42	0.33	2.48
0.65	0.49	3.40
0.44	0.33	3.26
0.49	0.35	3.09
0.69	0.50	2.08
-1.00	-1.00	0.69
0.94	0.87	1.79
0.03	0.01	3.04
0.76	0.56	2.64
0.08	0.06	2.48
0.10	0.14	2.08
-1.00	-1.00	0.69
0.50	0.33	1.10
-0.40	-0.33	1.39
0.74	0.58	2.48
0.68	0.56	2.20
0.32	0.24	1.95
0.59	0.45	2.64
0.40	0.33	1.39
0.00	0.20	1.61
0.83	0.73	1.79
0.40	0.28	2.83
0.68	0.52	1.95
-0.32	-0.28	2.20
0.39	0.29	2.89
0.76	0.59	2.56
0.48	0.31	2.94
0.65	0.48	3.04
0.65	0.48	3.74
0.54	0.34	3.04
0.46	0.33	3.14
0.00	0.00	1.39
0.85	0.69	2.30
0.86	0.71	1.95
-1.00	-1.00	0.69
1.00	1.00	0.69
0.41	0.35	2.40
0.60	0.45	2.40
-1.00	-1.00	0.69
0.52	0.29	2.08
0.80	0.67	1.39
0.60	0.47	2.30
0.22	0.12	2.77
0.89	0.73	1.79
0.08	0.05	2.40
1.00	1.00	1.10
0.59	0.42	2.40
-0.40	-0.40	1.61
0.61	0.33	1.95
0.59	0.47	3.09
0.58	0.41	2.71
0.41	0.30	3.18
0.24	0.21	2.08
0.50	0.33	1.10
1.00	1.00	1.10
0.50	0.33	1.10
0.82	0.67	2.40
0.83	0.73	1.79
-0.43	-0.33	1.79
-0.80	-0.67	1.39
0.33	0.50	2.08
0.47	0.38	2.30
0.21	0.14	1.95
0.40	0.22	2.77
0.69	0.57	2.08
0.20	0.00	1.39
-0.49	-0.33	1.79
0.65	0.49	2.40
0.93	0.79	2.08
0.07	0.07	2.08
0.12	0.12	2.64
0.47	0.36	2.48
0.00	-0.05	1.95
0.81	0.64	2.08
0.47	0.37	2.83
1.00	1.00	1.10
0.14	0.20	1.79
1.00	1.00	1.10
0.64	0.52	2.48
0.61	0.42	3.37
-0.50	-0.33	1.10
0.00	-0.05	1.95
0.48	0.21	2.08
0.77	0.63	2.64
0.20	0.15	2.77
0.09	0.20	1.79
0.61	0.43	1.95
-0.04	-0.14	1.95
-0.29	-0.24	1.95
0.93	0.86	2.08
0.80	0.67	1.39
0.20	0.00	1.39
0.12	0.07	2.08
0.43	0.24	2.40
0.35	0.25	3.04
0.82	0.63	2.77
0.20	0.00	1.39
0.49	0.33	1.79
0.90	0.80	1.61
0.70	0.60	1.61
0.49	0.42	2.40
0.45	0.33	2.48
0.68	0.51	2.83
1.00	1.00	1.10
0.70	0.60	1.61
0.00	0.00	1.61
0.85	0.70	2.48
0.10	0.08	2.56
-0.50	-0.33	1.10
0.77	0.60	1.79
0.70	0.60	1.61
0.80	0.67	1.39
0.66	0.47	1.79
0.90	0.80	1.61
0.54	0.43	1.95
0.62	0.46	2.56
0.78	0.61	2.48
1.00	1.00	1.10
0.84	0.65	3.40
0.41	0.32	3.00
-0.30	-0.20	1.61
-1.00	-1.00	0.69
1.00	1.00	0.69
0.75	0.54	3.40
1.00	1.00	0.69
0.36	0.14	1.95
0.83	0.61	2.48
0.80	0.67	1.39
0.86	0.71	1.95
0.27	0.21	2.56
0.71	0.51	3.47
-0.30	-0.20	1.61
0.57	0.43	1.95
1.00	1.00	0.69
-0.80	-0.67	1.39
0.80	0.67	1.39
0.73	0.56	2.89
-0.50	-0.33	1.10
0.50	0.33	1.10
0.90	0.79	2.08
0.60	0.33	1.39
0.63	0.44	2.20
0.70	0.60	1.61
0.69	0.53	2.40
0.30	0.20	1.61
-0.40	-0.33	1.39
0.60	0.40	1.61
0.85	0.71	2.40
0.60	0.40	1.61
0.31	0.20	1.79
0.65	0.50	2.20
0.29	0.21	2.08
0.38	0.28	2.20
0.56	0.44	3.26
0.55	0.44	2.20
0.40	0.33	1.39
0.43	0.31	2.94
0.57	0.36	2.08
0.57	0.36	2.08
0.89	0.73	1.79
-0.30	-0.20	1.61
0.89	0.73	1.79
0.43	0.33	1.95
-1.00	-1.00	1.10
0.56	0.42	2.40
0.48	0.33	2.30
0.60	0.47	1.79
0.60	0.45	2.40
0.50	0.33	1.10
0.78	0.64	2.40
0.27	0.18	2.48
0.36	0.24	2.83
0.87	0.72	2.20
-1.00	-1.00	0.69
0.50	0.33	1.10
0.71	0.47	1.79
0.71	0.52	1.95
0.29	0.22	3.33
0.64	0.52	2.64
0.38	0.24	2.48
0.74	0.59	2.89
0.75	0.56	2.94
0.80	0.60	1.61
0.31	0.24	2.30
1.00	1.00	0.69
0.78	0.64	2.30
0.79	0.67	2.48
0.78	0.60	2.64
0.71	0.49	2.40
0.44	0.38	2.64
0.61	0.45	3.04
0.75	0.52	1.95
0.75	0.62	1.95
0.25	0.22	2.71
-1.00	-1.00	0.69
0.32	0.14	1.95
0.32	0.14	1.95
-0.40	-0.33	1.39
0.40	0.33	1.39
-0.30	-0.20	1.61
-1.00	-1.00	0.69
-0.29	-0.14	2.08
-1.00	-1.00	0.69
0.50	0.33	1.10
0.34	0.27	3.26
0.41	0.25	2.77
0.67	0.52	2.89
0.50	0.28	2.20
0.80	0.64	2.56
0.74	0.53	2.40
0.54	0.20	1.79
1.00	1.00	1.10
0.67	0.56	2.40
0.07	-0.03	2.48
0.83	0.67	2.77
0.47	0.33	3.18
0.23	0.17	2.20
0.35	0.28	2.56
0.80	0.67	1.39
1.00	1.00	0.69
-0.20	0.00	1.39
0.71	0.57	2.08
0.14	0.05	1.95
0.39	0.21	2.48
0.38	0.28	2.71
0.55	0.38	3.09
0.91	0.77	2.56
0.66	0.52	3.47
0.28	0.28	2.20
0.70	0.49	2.83
1.00	1.00	1.10
-0.01	-0.02	2.77
0.62	0.43	3.00
0.70	0.50	2.20
0.30	0.20	1.61
0.22	0.16	2.40
0.59	0.46	2.56
0.21	0.19	2.64
0.64	0.62	1.95
0.61	0.45	3.09
0.55	0.39	3.56
0.68	0.53	2.40
0.49	0.38	2.77
0.50	0.42	2.94
0.54	0.43	1.95
0.64	0.50	2.08
0.64	0.57	2.08
0.68	0.50	3.26
0.38	0.28	2.20
0.36	0.27	2.64
0.61	0.52	1.95
0.36	0.21	2.08
0.07	0.00	2.77
0.40	0.26	2.56
0.49	0.35	3.22
0.60	0.45	2.48
0.57	0.36	2.56
0.49	0.35	2.94
0.03	-0.07	1.79
1.00	1.00	1.61
0.58	0.45	2.64
1.00	1.00	0.69
0.78	0.60	2.30
0.25	0.14	1.95
0.80	0.67	1.39
0.67	0.54	2.89
0.25	0.18	2.77
0.54	0.47	1.79
0.71	0.52	2.48
0.36	0.29	2.89
0.44	0.28	2.56
0.48	0.44	2.20
0.41	0.31	3.00
0.76	0.55	3.14
1.00	1.00	1.61
0.83	0.73	1.79
1.00	1.00	0.69
0.83	0.73	1.79
0.88	0.78	2.40
0.82	0.62	3.33
0.64	0.57	2.08
0.64	0.44	2.89
0.74	0.64	2.08
0.71	0.61	2.48
0.24	0.18	2.94
0.67	0.44	3.50
0.54	0.37	3.09
0.57	0.41	3.00
0.48	0.31	3.64
0.75	0.64	2.30
0.66	0.45	2.64
0.79	0.59	3.09
0.69	0.49	3.64
0.75	0.60	3.04
0.70	0.57	3.14
0.68	0.53	3.04
0.42	0.27	2.40
0.84	0.67	2.56
-1.00	-1.00	0.69
0.71	0.50	2.77
0.60	0.56	2.30
0.60	0.47	1.79
1.00	1.00	1.39
0.58	0.44	2.20
0.62	0.50	2.08
0.87	0.72	2.20
0.74	0.56	2.83
0.83	0.65	2.64
0.72	0.53	3.18
0.71	0.56	2.71
0.59	0.37	3.22
1.00	1.00	1.39
0.61	0.36	2.64
0.89	0.74	2.94
0.61	0.38	2.56
1.00	1.00	0.69
0.39	0.29	2.30
0.54	0.42	2.40
0.75	0.56	2.71
0.20	0.00	1.39
0.55	0.43	3.09
0.71	0.52	1.95
0.41	0.28	2.89
-0.03	0.02	2.30
0.02	0.05	2.64
0.67	0.50	2.77
-0.50	-0.33	1.10
0.40	0.36	2.08
0.55	0.43	2.71
0.60	0.47	1.79
0.40	0.33	1.39
0.50	0.33	1.10
1.00	1.00	1.79
0.93	0.86	2.08
1.00	1.00	1.10
0.61	0.46	2.83
1.00	1.00	1.10
0.92	0.75	2.40
0.64	0.43	1.95
0.79	0.62	1.95
0.65	0.39	2.20
1.00	1.00	0.69
-1.00	-1.00	0.69
0.50	0.33	1.10
0.14	0.07	1.79
0.50	0.33	1.10
0.67	0.50	2.20
0.49	0.33	1.79
0.71	0.61	2.48
-0.27	-0.22	2.20
1.00	1.00	1.61
0.43	0.24	1.95
0.83	0.64	2.40
0.55	0.43	2.08
0.66	0.50	2.71
0.80	0.67	1.39
0.64	0.49	2.83
0.60	0.47	3.53
0.85	0.64	2.30
0.70	0.55	3.18
0.77	0.60	3.37
0.75	0.56	3.50
0.39	0.30	2.48
1.00	1.00	1.10
0.81	0.64	2.30
-0.01	-0.02	2.40
0.38	0.36	2.08
0.26	0.18	2.71
0.24	0.14	3.18
-0.50	-0.33	1.10
0.69	0.57	2.08
0.36	0.24	1.95
0.30	0.22	2.20
0.79	0.60	3.40
0.34	0.24	3.33
0.68	0.40	2.83
0.66	0.52	3.30
0.78	0.54	3.04
0.81	0.64	2.94
0.32	0.18	2.56
0.59	0.45	2.89
0.68	0.47	3.22
0.54	0.20	1.79
0.80	0.67	1.39
0.71	0.47	1.79
0.48	0.30	2.48
1.00	1.00	1.39
0.47	0.32	3.37
0.50	0.33	2.20
0.77	0.59	2.56
0.72	0.52	2.48
0.83	0.73	1.79
0.59	0.43	2.77
0.49	0.36	2.64
0.68	0.52	1.95
0.90	0.79	2.48
1.00	1.00	0.69
0.40	0.33	1.39
0.62	0.40	3.04
-0.50	-0.33	1.10
0.77	0.57	3.43
0.43	0.47	1.79
0.00	0.00	1.39
-1.00	-1.00	1.10
0.75	0.54	2.89
0.68	0.52	3.00
0.51	0.36	3.22
0.74	0.64	2.08
0.52	0.43	2.83
0.90	0.78	2.40
0.54	0.47	1.79
0.24	0.16	2.30
0.64	0.49	2.64
0.80	0.64	2.40
0.62	0.41	2.89
0.60	0.47	1.79
0.76	0.57	2.08
0.57	0.43	1.95
0.40	0.40	1.61
0.90	0.75	2.40
0.35	0.28	2.20
0.66	0.50	3.04
0.87	0.72	3.09
0.50	0.33	1.10
0.05	0.07	2.30
0.85	0.67	2.20
0.86	0.71	1.95
0.80	0.67	1.39
0.64	0.45	2.48
0.96	0.90	1.95
0.57	0.43	2.94
0.85	0.69	2.30
0.32	0.22	2.20
0.80	0.67	1.39
0.79	0.64	2.30
1.00	1.00	0.69
0.64	0.43	1.95
0.64	0.62	1.95
0.30	0.20	1.61
0.79	0.62	1.95
0.78	0.61	2.48
-1.00	-1.00	1.39
0.05	0.05	2.56
0.85	0.72	2.20
-1.00	-1.00	0.69
0.59	0.42	3.53
-1.00	-1.00	0.69
0.69	0.50	2.89
0.83	0.67	2.20
0.71	0.48	3.56
0.40	0.40	1.61
0.77	0.58	3.26
0.77	0.60	3.30
0.78	0.57	3.04
0.85	0.73	2.71
0.42	0.30	2.48
0.62	0.39	3.47
0.68	0.42	3.14
0.70	0.50	3.30
0.62	0.43	3.22
0.66	0.48	3.78
0.86	0.71	1.95
-0.26	-0.20	1.79
0.70	0.55	3.18
0.76	0.56	2.30
0.80	0.59	3.76
0.70	0.50	3.04
0.51	0.37	3.58
0.53	0.39	3.30
0.68	0.49	2.89
0.60	0.42	3.30
0.54	0.33	1.79
0.54	0.47	1.79
0.86	0.71	2.40
0.83	0.66	2.71
0.68	0.48	3.00
0.51	0.39	2.89
0.63	0.42	2.48
0.33	0.23	2.77
0.50	0.33	1.10
0.38	0.29	3.30
0.90	0.80	1.61
0.36	0.24	3.26
0.59	0.43	2.71
0.70	0.60	1.61
0.66	0.60	1.79
0.38	0.27	2.64
0.78	0.61	2.20
0.52	0.29	2.08
0.49	0.33	1.79
0.74	0.56	2.40
-0.10	0.00	1.61
0.38	0.23	2.64
0.35	0.35	2.40
0.77	0.60	3.53
0.52	0.42	2.30
0.10	0.00	1.61
0.35	0.30	3.33
0.80	0.67	1.39
0.65	0.49	3.87
0.40	0.28	2.56
0.66	0.47	1.79
0.35	0.23	2.56
0.48	0.36	2.08
0.43	0.31	2.40
0.76	0.56	2.30
1.00	1.00	1.61
0.26	0.20	1.79
0.50	0.33	1.10
0.93	0.79	2.83
0.51	0.36	3.00
0.29	0.22	2.94
0.14	0.05	1.95
0.71	0.52	1.95
0.68	0.42	2.30
0.20	0.22	2.20
0.09	0.07	1.79
0.84	0.64	2.56
-0.90	-0.80	1.61
0.42	0.26	3.18
0.38	0.26	3.37
-1.00	-1.00	0.69
1.00	1.00	0.69
0.28	0.24	2.48
0.90	0.80	1.61
0.90	0.79	2.08
0.34	0.18	2.48
1.00	1.00	0.69
0.54	0.33	1.79
0.50	0.33	1.10
0.54	0.37	2.77
0.65	0.50	3.04
0.79	0.62	1.95
0.73	0.55	3.37
0.40	0.33	1.39
0.20	0.00	1.39
0.80	0.67	1.39
0.40	0.33	1.39
0.60	0.40	1.61
1.00	1.00	1.39
0.90	0.80	1.61
-1.00	-1.00	1.10
1.00	1.00	0.69
0.89	0.81	1.95
0.26	0.21	2.08
0.47	0.30	3.26
0.83	0.60	1.79
0.66	0.60	1.79
0.62	0.43	2.08
0.86	0.75	2.40
0.57	0.49	2.40
1.00	1.00	1.39
0.72	0.54	2.71
0.52	0.33	2.20
0.77	0.60	1.79
0.68	0.56	2.30
-0.50	-0.20	1.61
0.65	0.52	2.94
0.41	0.31	2.40
0.54	0.43	1.95
0.43	0.43	1.95
0.56	0.38	2.30
0.90	0.80	1.61
0.90	0.80	1.61
0.55	0.43	2.08
0.71	0.54	2.56
0.48	0.50	2.08
-0.50	-0.33	1.10
0.56	0.31	2.40
0.74	0.56	2.56
1.00	1.00	0.69
1.00	1.00	0.69
1.00	1.00	1.10
1.00	1.00	0.69
0.45	0.35	2.40
0.43	0.33	1.79
0.54	0.33	1.79
0.03	0.02	2.30
-1.00	-1.00	0.69
0.81	0.64	2.30
0.74	0.50	2.08
0.64	0.43	2.08
0.75	0.54	3.04
0.32	0.25	2.89
0.76	0.57	3.47
0.70	0.55	3.26
0.57	0.40	3.40
0.53	0.38	2.77
0.16	0.08	2.64
0.89	0.81	1.95
0.23	0.10	2.56
0.52	0.36	2.89
0.48	0.42	2.30
0.26	0.20	1.79
0.48	0.35	3.22
0.62	0.50	2.71
0.53	0.39	2.20
0.71	0.55	2.48
0.62	0.45	3.14
0.52	0.37	3.22
0.63	0.47	3.64
0.63	0.48	3.37
0.37	0.24	3.26
-0.36	-0.24	1.95
0.83	0.73	1.79
0.89	0.71	1.95
-0.37	-0.33	1.79
0.52	0.43	2.71
0.71	0.56	2.30
0.73	0.57	2.77
0.87	0.70	2.48
0.97	0.89	2.71
0.44	0.28	2.77
-0.20	-0.20	1.61
0.77	0.64	2.48
0.00	0.00	1.39
0.82	0.67	2.20
0.29	0.14	2.08
0.61	0.48	3.30
0.70	0.60	1.61
0.80	0.67	1.39
-0.60	-0.33	1.39
-0.50	-0.33	1.10
-0.15	-0.11	3.14
0.78	0.62	2.83
0.86	0.71	1.95
0.75	0.60	3.00
0.20	0.00	1.39
0.20	0.17	2.20
0.43	0.36	2.08
-0.20	0.00	1.39
0.56	0.39	2.48
0.27	0.22	2.20
0.71	0.60	1.79
0.67	0.51	3.43
0.60	0.33	1.39
0.69	0.54	2.64
0.63	0.44	2.56
0.30	0.20	1.61
0.52	0.33	2.56
0.63	0.44	2.94
0.37	0.25	2.64
0.50	0.38	3.26
0.78	0.59	2.62
0.29	0.23	3.58
0.44	0.32	3.69
0.37	0.30	2.71
0.55	0.43	2.08
0.53	0.44	2.83
0.39	0.28	2.71
0.60	0.49	2.71
0.50	0.33	1.10
0.83	0.61	3.18
1.00	1.00	1.10
-0.40	-0.33	1.39
0.55	0.35	2.40
-0.60	-0.47	1.79
0.81	0.71	2.08
0.20	0.21	2.48
0.39	0.24	1.95
0.51	0.39	2.48
0.75	0.54	3.00
-0.36	-0.33	1.95
0.53	0.36	3.50
0.53	0.43	2.94
0.60	0.47	1.79
0.64	0.43	2.08
0.76	0.60	3.04
0.74	0.59	3.00
0.74	0.54	2.71
0.63	0.46	2.56
0.56	0.44	2.83
0.65	0.52	2.48
0.48	0.35	2.94
0.54	0.39	3.40
0.33	0.22	2.94
0.52	0.37	3.00
0.66	0.60	1.79
0.51	0.31	2.71
0.90	0.80	1.61
0.56	0.41	2.64
0.59	0.43	3.37
0.62	0.45	2.48
0.80	0.63	2.64
0.62	0.42	2.40
0.71	0.47	1.79
0.09	0.10	2.56
0.31	0.18	2.77
0.20	0.12	2.71
0.58	0.39	3.93
0.66	0.48	2.48
0.50	0.38	3.26
0.61	0.37	3.22
0.67	0.54	2.64
0.28	0.24	2.40
1.00	1.00	0.69
0.76	0.58	2.71
0.34	0.27	2.48
1.00	1.00	1.10
0.66	0.52	2.64
0.83	0.64	2.40
0.76	0.56	2.94
0.59	0.40	3.50
0.70	0.50	3.56
0.78	0.61	2.20
0.43	0.33	1.79
0.47	0.35	3.00
0.76	0.59	2.94
0.90	0.77	2.71
0.87	0.70	2.48
0.74	0.57	2.08
0.40	0.28	2.20
0.60	0.40	1.61
0.80	0.67	1.39
1.00	1.00	1.10
0.33	0.24	2.71
-0.37	-0.20	1.79
0.83	0.73	1.79
0.77	0.54	2.71
-0.10	-0.06	2.20
0.48	0.33	2.48
0.66	0.47	1.79
0.74	0.52	2.64
0.90	0.79	2.08
0.72	0.53	3.26
0.53	0.36	3.69
0.70	0.50	3.40
0.60	0.43	3.40
0.72	0.51	3.04
0.48	0.36	2.08
0.79	0.62	1.95
0.30	0.20	1.61
0.78	0.58	3.14
0.80	0.61	2.20
-1.00	-1.00	0.69
0.52	0.38	2.64
0.46	0.33	1.95
0.31	0.33	1.79
0.65	0.48	2.48
0.55	0.40	3.71
0.80	0.62	3.04
0.78	0.58	3.43
0.44	0.31	3.14
0.70	0.51	3.43
0.80	0.57	3.50
0.76	0.58	2.89
0.60	0.43	4.01
0.46	0.32	4.09
0.78	0.60	2.40
0.88	0.73	3.00
0.22	0.08	2.56
0.74	0.55	3.14
0.71	0.53	2.40
1.00	1.00	0.69
0.75	0.56	2.30
0.73	0.52	2.48
0.60	0.47	1.79
0.76	0.60	2.30
0.52	0.35	2.71
0.71	0.60	1.79
-0.27	-0.29	2.30
1.00	1.00	0.69
-0.50	-0.40	1.61
1.00	1.00	1.39
1.00	1.00	1.10
0.79	0.67	2.56
0.74	0.52	2.71
0.75	0.60	2.40
0.66	0.60	1.79
1.00	1.00	1.79
0.51	0.36	2.89
0.09	0.01	2.64
0.32	0.25	2.94
0.05	0.00	2.08
1.00	1.00	1.10
0.89	0.73	1.79
0.61	0.47	3.04
0.59	0.43	3.18
0.68	0.47	2.30
0.23	0.21	2.56
0.33	0.22	2.20
0.55	0.43	2.08
0.61	0.43	2.64
0.71	0.47	1.79
0.15	0.07	2.30
-0.10	0.00	1.61
1.00	1.00	0.69
-0.10	0.00	1.61
0.18	0.12	2.64
0.57	0.45	2.71
-1.00	-1.00	0.69
0.50	0.47	2.77
0.30	0.26	2.71
0.20	0.17	2.20
0.96	0.90	1.95
0.47	0.33	2.56
0.57	0.47	2.77
-0.21	-0.33	1.95
0.12	0.09	3.83
0.43	0.33	3.83
0.70	0.60	1.61
-1.00	-1.00	0.69
0.44	0.30	2.77
0.37	0.32	3.04
0.20	0.20	1.79
0.37	0.34	3.04
0.14	0.13	3.37
1.00	1.00	0.69
0.56	0.43	2.83
0.70	0.53	3.00
0.49	0.37	3.14
0.10	0.08	2.56
1.00	1.00	1.10
0.41	0.29	3.18
1.00	1.00	1.39
0.82	0.71	1.95
0.83	0.66	3.40
0.80	0.60	1.61
0.69	0.54	2.56
0.90	0.80	1.61
0.50	0.33	1.10
1.00	1.00	0.69
-1.00	-1.00	0.69
0.54	0.47	1.79
0.75	0.54	3.47
1.00	1.00	1.39
0.60	0.40	1.61
0.42	0.35	2.83
0.53	0.39	2.20
0.35	0.27	2.64
0.76	0.64	2.40
0.46	0.33	3.40
0.84	0.66	3.22
0.31	0.21	2.08
0.18	0.13	2.56
-0.30	-0.20	1.61
0.55	0.45	2.40
0.63	0.42	2.89
0.75	0.53	2.40
0.76	0.60	2.40
0.71	0.60	1.79
0.58	0.40	2.94
0.90	0.80	1.61
0.37	0.22	2.20
0.84	0.67	2.40
0.83	0.64	2.40
0.80	0.59	3.09
0.53	0.40	3.58
0.30	0.20	1.61
0.40	0.33	1.39
0.20	0.00	1.39
0.53	0.39	3.47
0.80	0.67	1.39
0.64	0.57	2.08
0.55	0.39	2.20
0.40	0.33	1.39
0.58	0.39	3.22
0.65	0.47	2.30
0.77	0.56	2.56
0.61	0.40	3.43
0.65	0.48	3.09
-0.14	-0.07	2.08
0.53	0.39	3.26
0.24	0.15	2.56
0.80	0.63	3.61
0.60	0.40	1.61
0.70	0.52	2.71
0.63	0.47	2.83
0.79	0.67	2.56
0.22	0.15	2.83
0.52	0.36	2.08
0.58	0.43	3.85
0.90	0.80	1.61
0.76	0.59	2.89
0.49	0.38	2.64
0.65	0.49	3.14
0.42	0.28	2.89
0.86	0.70	3.04
0.47	0.30	2.77
0.93	0.83	2.20
0.44	0.31	2.40
0.18	0.12	2.89
1.00	1.00	1.39
0.00	-0.06	2.20
0.50	0.33	2.71
0.73	0.56	2.56
0.52	0.38	2.30
0.69	0.47	3.50
0.60	0.33	1.39
0.71	0.57	2.08
0.73	0.55	3.00
0.13	0.10	2.94
0.50	0.33	1.10
0.30	0.19	2.83
-1.00	-1.00	0.69
0.67	0.54	2.89
-0.40	-0.33	1.39
0.42	0.36	3.30
0.69	0.54	3.22
0.52	0.46	2.56
0.59	0.42	2.30
0.10	0.00	2.08
0.20	0.07	1.79
-0.80	-0.67	1.39
0.81	0.62	2.71
-0.03	-0.07	2.30
0.38	0.30	3.83
0.56	0.44	3.76
0.37	0.26	2.71
0.58	0.44	2.20
0.69	0.53	2.40
0.65	0.46	3.09
0.51	0.34	3.00
0.17	0.11	2.20
0.55	0.37	3.33
0.64	0.45	2.77
0.32	0.23	2.56
0.47	0.31	3.00
0.46	0.33	1.95
0.20	0.00	1.39
0.14	0.20	1.79
1.00	1.00	0.69
0.41	0.32	2.94
0.52	0.35	3.18
-0.03	0.07	1.79
0.43	0.29	2.94
0.83	0.60	2.40
0.14	0.05	1.95
0.59	0.43	2.71
0.78	0.56	2.40
-1.00	-1.00	0.69
0.73	0.56	2.20
0.55	0.38	3.00
0.28	0.20	3.00
0.20	0.20	1.79
0.30	0.17	3.09
0.78	0.57	2.94
0.42	0.28	2.20
0.77	0.60	1.79
0.82	0.62	2.71
0.66	0.48	3.64
0.74	0.50	2.08
0.72	0.51	2.94
0.54	0.38	2.40
0.90	0.80	1.61
0.80	0.61	2.48
0.86	0.71	1.95
0.73	0.56	2.56
0.90	0.75	2.71
0.54	0.33	1.79
0.78	0.60	2.30
0.54	0.38	2.56
0.14	0.05	1.95
0.77	0.60	2.40
0.73	0.59	2.56
0.80	0.67	1.39
0.43	0.43	1.95
0.34	0.30	2.77
0.50	0.32	3.09
-0.03	-0.07	2.30
1.00	1.00	1.10
0.53	0.35	3.09
0.42	0.33	2.30
0.56	0.42	2.48
0.60	0.40	1.61
0.89	0.73	1.79
0.46	0.24	1.95
0.30	0.20	1.61
0.36	0.26	2.94
-0.09	-0.07	1.79
-1.00	-1.00	0.69
1.00	1.00	0.69
0.80	0.67	1.39
0.47	0.39	2.20
0.74	0.50	2.08
0.80	0.67	1.39
0.30	0.23	2.56
0.50	0.33	1.10
0.44	0.35	2.89
0.61	0.46	2.83
0.70	0.60	1.61
0.54	0.40	3.53
0.92	0.79	2.48
0.40	0.33	1.39
0.18	0.15	2.94
0.63	0.48	3.53
0.50	0.40	1.61
1.00	1.00	1.10
0.21	0.14	2.08
0.52	0.28	2.20
-0.04	-0.05	2.56
0.23	0.17	2.20
0.75	0.62	1.95
1.00	1.00	1.10
0.70	0.60	1.61
0.49	0.34	3.04
0.28	0.24	2.30
0.58	0.50	2.20
0.68	0.52	1.95
0.94	0.87	1.79
0.60	0.40	1.61
0.50	0.33	1.10
0.67	0.48	3.04
0.61	0.43	1.95
0.43	0.28	2.56
0.78	0.58	2.71
0.76	0.60	2.83
0.09	0.07	1.79
0.37	0.23	2.56
0.38	0.30	2.71
0.51	0.43	2.71
0.51	0.37	3.04
0.42	0.31	2.71
0.07	0.05	2.94
0.54	0.47	1.79
0.86	0.71	1.95
0.90	0.73	2.89
0.70	0.51	2.30
0.68	0.61	2.20
0.71	0.62	1.95
0.53	0.35	2.77
0.62	0.36	2.08
0.38	0.23	2.64
0.47	0.39	2.20
0.80	0.67	1.39
0.66	0.52	2.48
0.20	0.00	1.39
0.46	0.33	1.95
0.00	-0.05	1.95
-0.13	-0.06	2.20
0.78	0.61	2.48
1.00	1.00	0.69
0.26	0.20	1.79
-0.07	0.07	2.08
0.50	0.40	1.61
0.84	0.67	2.56
0.94	0.79	2.48
0.08	0.06	2.20
0.73	0.51	2.94
0.68	0.47	2.94
0.80	0.67	1.39
0.96	0.90	1.95
0.50	0.33	1.10
0.52	0.43	2.08
0.60	0.47	1.79
0.83	0.64	2.08
0.80	0.60	1.61
1.00	1.00	0.69
-0.40	-0.40	1.61
-0.40	-0.33	1.39
0.90	0.80	1.61
0.64	0.43	1.95
-1.00	-1.00	0.69
0.20	0.00	1.39
0.75	0.52	1.95
